7
7
7
7
19.2208552958977
29.6447984268905
7
7
7
8.90480224440259
7
29.8343964034755
19.6471849245082
7
8.46310607499114
7
7
13.9624554716762
7
15.2032227880748
7
7
7
30.9376708858574
21.4733280279891
10.152261633551
7
7
7
30.9291737060736
7
7
7
7
14.2806347308426
27.00701172222
7
7
9.83772677254431
13.3264192393941
7
29.8933881297267
7
7
18.8831099433933
7
7
30.9873106598226
7
16.8361104873488
7
7.71423357148379
7
28.2282326467194
21.0098987163633
7
7
7
7
25.9435032644583
7
7
7
7
14.8445403906834
23.3869472544389
7
7
7
9.56780031717343
7
24.6511522004902
7
7
7.47749269566131
7
7
8.15428476577885
7
8.45697671853771
7
7
7
27.5864457081823
17.4224293446373
7
7
7
7
30.7555512209589
7.68892161005818
7
7
7
13.581165394846
16.5389614273252
7
7
7
18.482751822235
7
26.8799975284266
7
10.7374520910876
14.3464659368235
7
7
18.1396550177725
7
16.694695151669
7
7
7
24.7341207714518
18.3203002297354
7
12.5205015399716
7
7
23.377450099346
7
7
7
7
9.43917602791946
9.97494203895942
7
7
7
26.1948791703216
7
15.5096431666533
7
7
15.7790162646967
7
7
12.5952984872784
7
18.2690058895848
7
7
12.1019023091854
19.6489262916286
17.4861508398503
7
7
7
7
30.9822856301361
7
7
7
7
15.208232949457
10.7323501389764
7
7
7
10.862623811856
7
28.0179313995916
7
7
10.814232684573
7
7
27.3571206517204
11.8704993744998
20.9389543478084
7
7
7
15.7495941496202
9.94892875646812
7
7
7
7
22.401116903666
7
16.4657769780546
7
7
12.274892605945
27.7707156974073
7
7
7
15.7789613672909
7
20.7430902072785
7
7
12.7167803764075
7
7
25.930005727768
7
18.3059364141774
7
7
7
16.5111461743839
15.5173246108783
7
7
8.51708579126127
7
20.2699388252243
7
7
7
7
18.6875084515302
30.3502671057296
7
7
7
8.94859312710595
18.3764732174439
18.7347660264551
7
7
7.17853104251862
7
7
15.428066109972
7
9.43273462289864
7
7
7
14.7803760511201
14.9279970325932
7
7
7
7
22.0495485350409
7
7
7
7
10.9445692681022
23.3519774619196
20.7842900628002
7
7
18.2222738923556
7
18.2635399625624
7
7
8.25732066995399
7
7
12.7244242179205
7
10.0475603793845
7
7
7
27.6454244372387
15.0751365289009
7
7
7
7
8.95438821882959
7
7
15.8535653955089
7
8.59979155270877
31.0474520213763
7
7
7
7.06951336201101
7
26.3727616177876
7
7
19.2595483098015
24.3738941072702
7
9.11089613777276
7
12.9967397364834
7
7
7
13.4967600712664
19.0010272033646
7
7
7
15.6282765492709
11.5461757075713
7
7
7
7
10.9570437478299
10.6384745096179
7
7
7
9.04102838062996
7
21.4926146841393
7
7
15.247903027545
7
7
10.6238699555932
7
19.7954667658284
7
7
7
22.5513782871266
17.2649907973411
7
7
7
7
8.89916729227105
7
7
7
7
10.5987423033049
10.0829733708791
7
10.6781557656483
7
10.5992878849735
7
17.4316767271092
7
7
7.74481645488613
7
7
29.567902747882
7
21.1718078458247
16.8172818493616
7
7
19.2313159600005
12.0657911473207
7
7
7
7
16.2311695280054
7
7
7
9.22405510587575
18.7037810248171
16.7434709240313
7
7
7
10.6253692887075
7
17.0978036397029
7
7
8.44681787752583
7
9.6394658521267
30.5512647693871
7
21.342018103447
7
7
7
21.3802148769616
7.89669314420734
7
7
7
7
27.529851004949
7
7
7
7
7.23105156477333
8.0755950414452
7
7
7
9.53485044194057
7
23.2278868739113
21.6344477131734
7
16.7161894470446
7
7
18.2730926607736
7
15.2051333842952
7
7
7
14.4080201401943
18.1703921061123
10.7791003006509
7
7
7
11.5877788934317
7
7
7
7
12.527268947355
22.6404640182423
7
7
22.6045487030275
8.21688653298678
7
30.2346492742182
7
7
18.635690179126
7
7
19.1697908100793
7
13.5378788287138
7
15.9356749885961
7
14.6587368004139
14.6276298307169
7
7
7
7
27.4406927080566
7
7
7
7
19.8863626038738
16.4652345665067
7
7
7
19.1737068742372
7
20.3206397199864
7
7
12.2609065536532
7
7
28.8985702873246
7
15.2523451434763
7
7
7
22.5618771500307
15.8056705679713
7
7
7
7
14.5311582569873
16.4184669703518
7
7
7
10.4573224031734
28.1077198173847
7
7
7
9.92146434350574
7
12.64804452431
7
10.4141609429572
10.4149644672483
7
7
17.8924671025975
7
11.6665342997562
