39.1599918749845,361.46925998994
38.9971866988892,363.344974070424
38.8348617338065,365.218511565956
38.6730170546977,367.08984730773
38.5116527115451,368.9589560253
38.3507687295132,370.825812346883
38.1903651091037,372.690390799678
38.0304418263172,374.552665810197
37.8709988328063,376.412611704611
37.7120360560368,378.270202709099
37.5535533994418,380.125412950219
37.39555074258,381.978216455291
37.2380279412914,383.828587152778
37.0809848278532,385.676498872701
36.9244212111364,387.521925347051
36.7683368767599,389.364840210216
36.6127315872464,391.205216999431
36.4576050821771,393.043029155217
36.302957078345,394.878250021866
36.1487872699104,396.71085284791
35.9950953285536,398.540810786611
35.8418809036277,400.368096896476
35.6891436223121,402.192684141765
35.5368830897646,404.014545393029
35.3850988892736,405.833653427656
35.233790582409,407.649980930414
35.0829577091742,409.463500494038
34.932599788156,411.274184619806
34.7827163166749,413.08200571813
34.633306770936,414.886936109174
34.4843706061769,416.688948023472
34.3359072568168,418.488013602566
34.1879161366058,420.284104899653
34.0403966387723,422.077193880248
33.8933481361695,423.867252422863
33.746769981424,425.654252319688
33.600661507081,427.438165277309
33.4550220257503,429.218962917402
33.3098508302526,430.996616777486
33.1651471937633,432.771098311648
33.0209103699573,434.54237889131
32.8771395931532,436.310429805994
32.7338340784558,438.07522226411
32.590993021899,439.836727393746
32.4486156005891,441.594916243491
32.3067009728445,443.349759783242
32.1652482783389,445.101228905063
32.0242566382394,446.849294424019
31.8837251553488,448.593927079053
31.7436529142435,450.335097533858
31.6040389814125,452.072776377775
31.464882405396,453.806934126699
31.3261822169222,455.537541223992
31.1879374290457,457.264568041428
31.0501470372823,458.987984880136
30.9128100197453,460.707761971556
30.7759253372814,462.423869478423
30.6394919336046,464.136277495751
30.5035087354303,465.844956051837
30.3679746526078,467.549875109275
30.2328885782551,469.251004565989
30.0982493888886,470.948314256274
29.9640559445558,472.641773951856
29.830307088966,474.331353362959
29.6970016496203,476.017022139393
29.5641384379411,477.698749871649
29.4317162494007,479.376506092017
29.2997338636501,481.0502602757
29.1681900446463,482.719981841966
29.0370835407786,484.385640155288
28.9064130849964,486.04720452652
28.7761773949324,487.704644214069
28.6463751730297,489.357928425092
28.5170051066654,491.007026316698
28.3880658682732,492.651906997173
28.2595561154682,494.292539527208
28.1314744911667,495.928892921144
28.0038196237103,497.560936148239
27.8765901269847,499.188638133926
27.7497846005413,500.811967761118
27.6234016297158,502.430893871485
27.4974397857474,504.045385266785
27.3718976258972,505.655410710175
27.2467736935653,507.260938927555
27.1220665184078,508.861938608915
26.997774616452,510.4583784097
26.8738964902136,512.050226952186
26.7504306288096,513.637452826866
26.6273755080732,515.220024593856
26.504729590667,516.797910784301
26.3824913261958,518.371079901809
26.2606591513174,519.939500423883
26.1392314898556,521.503140803373
26.0182067529095,523.061969469944
25.8975833389632,524.615954831545
25.7773596339962,526.165065275898
25.65753401159,527.709269171997
25.5381048330376,529.248534871619
25.4190704474491,530.782830710847
25.3004291918591,532.312125011602
25.1821793913318,533.836386083193
25.0643193590658,535.355582223873
24.946847396499,536.869681722404
24.8297617934109,538.37865285964
24.7130608280269,539.882463910121
24.5967427671193,541.38108314367
24.4808058661093,542.874478827012
24.3652483691679,544.362619225388
24.250068509315,545.845472604208
24.1352645085201,547.323007230671
24.0208345777996,548.795191375448
23.906776917316,550.261993314328
23.7930897164736,551.723381329904
23.6797711540171,553.179323713258
23.5668193981257,554.629788765656
23.4542326065091,556.074744800255
23.3420089265021,557.514160143824
23.2301464951577,558.948003138461
23.118643439341,560.376242143335
23.0074978758213,561.798845536431
22.8967079113638,563.215781716293
22.7862716428202,564.627019103806
22.6761871572211,566.032526143949
22.5664525318626,567.432271307585
22.4570658343975,568.826223093245
22.3480251229236,570.214350028934
22.2393284460701,571.596620673925
22.1309738430859,572.973003620578
22.022959343925,574.343467496163
21.9152829693329,575.707980964688
21.8079427309314,577.066512728735
21.7009366313025,578.419031531304
21.5942626640724,579.765506157666
21.4879188139949,581.105905437221
21.3819030570331,582.440198245362
21.2762133604412,583.76835350535
21.1708476828462,585.090340190192
21.0658039743277,586.406127324522
20.9610801764971,587.715683986502
20.8566742225794,589.018979309706
20.7525840374872,590.315982485036
20.6488075379028,591.60666276262
20.545342632353,592.890989453736
20.4421872212863,594.168931932722
20.3393391971493,595.440459638908
20.236796444461,596.705542078541
20.1345568398886,597.964148826721
20.0326182523207,599.216249529337
19.930978542941,600.461813905011
19.8296355653015,601.700811747047
19.7285871653944,602.933212925372
19.6278311817238,604.158987388504
19.5273654453764,605.378105165503
19.4271877800925,606.590536367922
19.3272960023357,607.796251191788
19.2276879213613,608.995219919555
19.128361339286,610.187412922079
19.0293140511559,611.372800660583
18.9305438450132,612.551353688646
18.8320485019628,613.723042654156
18.7338257962404,614.887838301301
18.6358734952769,616.045711472542
18.5381893597634,617.1966331106
18.4407711437158,618.340574260423
18.3436165945404,619.477506071178
18.2467234530956,620.607399798231
18.1500894537554,621.730226805122
18.0537123244718,622.845958565552
17.9575897868371,623.95456666537
17.8617195561443,625.056022804542
17.7660993414488,626.15029879914
17.6707268456279,627.237366583322
17.5755997654409,628.317198211305
17.4807157915882,629.389765859345
17.3860726087701,630.455041827719
17.2916678957448,631.512998542681
17.1974993253856,632.563608558452
17.1035645647391,633.606844559184
17.0098612750811,634.642679360916
16.9163871119723,635.671085913553
16.8231397253157,636.692037302815
16.7301167594091,637.705506752198
16.6373158530028,638.711467624933
16.5447346393506,639.709893425926
16.4523707462667,640.700757803709
16.3602217961761,641.684034552379
16.2682854061701,642.65969761354
16.1765591880558,643.627721078227
16.0850407484107,644.588079188835
15.9937276886316,645.540746341047
15.9026176049884,646.485697085742
15.8117080886713,647.422906130904
15.7209967258436,648.352348343533
15.6304810976909,649.273998751536
15.5401587804693,650.187832545618
15.4500273455545,651.093825081172
15.3600843594915,651.99195188015
15.2703273840402,652.882188632931
15.180753976226,653.764511200187
15.0913616883843,654.638895614734
15.0021480682097,655.505318083382
14.9131106587995,656.363754988764
14.8242469987024,657.214182891172
14.7355546219628,658.056578530375
14.6470310581675,658.890918827426
14.5586738324871,659.717180886468
14.470480465726,660.535341996523
14.3824484743605,661.345379633269
14.294575370588,662.147271460824
14.2068586623674,662.940995333495
14.1192958534621,663.72652929753
14.0318844434854,664.503851592865
13.9446219279399,665.272940654841
13.8575057982613,666.033775115933
13.7705335418605,666.786333807447
13.6837026421641,667.530595761213
13.5970105786559,668.26654021127
13.5104548269185,668.994146595539
13.4240328586727,669.713394557467
13.3377421418194,670.42426394768
13.2515801404779,671.126734825609
13.1655443150263,671.820787461113
13.0796321221424,672.506402336074
12.9938410148397,673.183560145991
12.9081684425091,673.852241801556
12.8226118509576,674.512428430217
12.7371686824439,675.164101377719
12.6518363757203,675.807242209639
12.5666123660674,676.441832712908
12.481494085334,677.067854897305
12.3964789619736,677.68529099695
12.3115644210814,678.294123471768
12.2267478844318,678.894335008953
12.1420267705157,679.485908524402
12.0573984945754,680.068827164135
11.9728604686432,680.643074305706
11.8884101015755,681.208633559594
11.8040447990908,681.76548877057
11.7197619638031,682.313624019057
11.6355589952603,682.853023622465
11.551433289978,683.383672136516
11.4673822414748,683.905554356541
11.3834032403076,684.418655318771
11.2994936741077,684.922960301601
11.2156509276136,685.418454826843
11.1318723827077,685.905124660941
11.0481554184496,686.382955816209
10.9644974111112,686.851934551993
10.8808957342102,687.312047375871
10.7973477585455,687.763281044788
10.7138508522307,688.205622566203
10.6304023807269,688.639059199196
10.5469997068788,689.063578455571
10.4636401909469,689.479168100924
10.3803211906419,689.885816155702
10.2970400611581,690.283510896239
10.2137941552059,690.672240855766
10.1305808230478,691.05199482541
10.0473974125294,691.422761855164
9.96424126911371,691.784531254841
9.88110973591405,692.137292595005
9.79800015372824,692.481035707877
9.71490986107058,692.815750688227
9.6318361942058,693.141427894247
9.54877648718224,693.458057948382
9.46572807186395,693.765631738166
9.38268827796545,694.064140417017
9.2996544330838,694.353575405026
9.21662386273148,694.633928389696
9.1335938903698,694.905191326698
9.05056183744251,695.167356440572
8.96752502340786,695.420416225421
8.88448076577365,695.664363445577
8.80142638012712,695.899191136243
8.71835918017222,696.124892604125
8.63527647775928,696.341461428022
8.55217558292078,696.548891459405
8.46905380390296,696.747176822971
8.38590844720093,696.93631191717
8.30273681759002,697.116291414718
8.2195362181615,697.28711026307
8.1363039503551,697.44876368489
8.05303731399191,697.601247178478
7.96973360731071,697.74455651819
7.88639012699882,697.878687754825
7.80300416822802,698.003637215985
7.71957302468785,698.119401506423
7.63609398862077,698.225977508356
7.55256435085526,698.323362381758
7.46898140084106,698.411553564638
7.38534242668327,698.490548773273
7.30164471517738,698.56034600244
7.21788555184462,698.620943525604
7.13406222096554,698.672339895101
7.05017200561755,698.714533942278
6.96621218770702,698.747524777631
6.88218004800807,698.771311790888
6.7980728661966,698.785894651099
6.71388792088539,698.791273306683
6.62962248966192,698.787447985457
6.54527384912429,698.774419194644
6.4608392749162,698.752187720844
6.37631604176532,698.720754629996
6.29170142351891,698.680121267308
6.2069926931819,698.630289257159
6.12218712295398,698.571260502994
6.03728198426666,698.503037187166
5.95227454782104,698.425621770781
5.86716208362652,698.339016993509
5.78194186103851,698.243225873361
5.69661114879777,698.138251706463
5.61116721506728,698.024098066783
5.52560732747399,697.900768805848
5.4399287531457,697.76826805244
5.35412875875216,697.62660021225
5.26820461054447,697.475769967535
5.18215357439559,697.31578227672
5.09597291583984,697.146642374009
5.00965990011485,696.968355768941
4.92321179220257,696.780928245945
4.83662585686939,696.584365863861
4.74989935870956,696.378674955441
4.66302956218544,696.163862126829
4.57601373167254,695.939934257007
4.48884913149911,695.706898497229
4.40153302599165,695.46476227043
4.31406267951694,695.213533270604
4.22643535652587,694.953219462171
4.13864832159889,694.683829079312
4.0506988394893,694.405370625282
3.96258417516794,694.117852871705
3.87430159386931,693.821284857848
3.78584836113746,693.515675889857
3.69722174287009,693.201035539998
3.60841900536695,692.877373645843
3.51943741537672,692.544700309464
3.43027424014229,692.203025896585
3.34092674745056,691.852361035722
3.2513922056793,691.492716617299
3.1616678838458,691.124103792736
3.07175105165644,690.74653397353
2.98163897955554,690.360018830298
2.89132893877473,689.964570291814
2.80081820138382,689.560200544013
2.71010404034199,689.146922028978
2.61918372954761,688.72474744392
2.52805454389071,688.293689740103
2.43671375930545,687.853762121792
2.34515865282188,687.404978045147
2.25338650261908,686.947351217111
2.16139458807941,686.480895594282
2.06918018984178,686.005625381754
1.97674058985646,685.521555031948
1.8840730714401,685.028699243416
1.79117491933131,684.527072959634
1.69804341974678,684.016691367771
1.6046758604377,683.497569897439
1.51106953074641,682.969724219424
1.41722172166498,682.433170244404
1.32312972589282,681.887924121644
1.22879083789459,681.334002237671
1.13420235396186,680.771421214936
1.03936157226921,680.200197910458
0.944265792938443,679.620349414446
0.848912318096102,679.031893048909
0.753298451937304,678.434846366247
0.657421500786507,677.829227147824
0.561278773160127,677.215053402526
0.464867579831328,676.592343365301
0.368185233890968,675.961115495688
0.271229050813961,675.321388476319
0.173996348524099,674.67318121142
0.0764844474583923,674.016512825285
-0.0213093293656526,673.351402660736
-0.119387656283689,672.677870277578
-0.217753204917186,671.995935451024
-0.316408644105841,671.305618170117
-0.415356639838291,670.606938636135
-0.514599855183626,669.899917260977
-0.614140950221254,669.184574665543
-0.713982581969982,668.460931678092
-0.814127404318163,667.729009332592
-0.914578067949673,666.98882886706
-1.01533722027536,666.240411721874
-1.11640750535548,665.483779538099
-1.21779156382953,664.718954155765
-1.31949203284005,663.945957612167
-1.42151154595862,663.164812140136
-1.52385273310917,662.375540166293
-1.62651822049221,661.578164309304
-1.72951063050876,660.772707378123
-1.83283258168018,659.959192370207
-1.93648668857266,659.137642469752
-2.04047556171667,658.308081045878
-2.14480180752614,657.470531650841
-2.24946802822045,656.625018018213
-2.3544768217422,655.771564061057
-2.45983078167406,654.910193870101
-2.56553249715886,654.040931711883
-2.67158455281365,653.163802026916
-2.7779895286475,652.278829427813
-2.88474999997631,651.386038697426
-2.99186853733798,650.485454786967
-3.09934770640463,649.577102814128
-3.20719006789709,648.661008061178
-3.3153981774981,647.737195973073
-3.42397458576181,646.805692155542
-3.53292183802669,645.866522373178
-3.64224247432442,644.919712547514
-3.75193902929075,643.96528875509
-3.86201403207322,643.003277225535
-3.97247000623835,642.03370433961
-4.08330946968214,641.056596627269
-4.19453493453263,640.071980765714
-4.30614890705822,639.079883577429
-4.41815388757188,638.080332028227
-4.53055237033548,637.073353225277
-4.6433468434625,636.058974415142
-4.75653978882253,635.037222981797
-4.87013368194173,634.008126444654
-4.98413099190398,632.971712456579
-5.09853418125294,631.928008801909
-5.21334570588912,630.877043394457
-5.32856801497129,629.81884427553
-5.44420355081289,628.753439611924
-5.56025474878036,627.680857693934
-5.67672403718871,626.601126933352
-5.79361383719836,625.514275861467
-5.91092656270892,624.420333127062
-6.02866462025529,623.319327494409
-6.14683040889833,622.211287841262
-6.26542632012012,621.096243156855
-6.38445473771376,619.974222539889
-6.50391803767632,618.845255196529
-6.62381858809748,617.70937043839
-6.74415874904966,616.566597680536
-6.8649408724769,615.416966439466
-6.98616730208263,614.260506331107
-7.10784037321566,613.097247068812
-7.22996241275887,611.927218461345
-7.3525357390119,610.750450410885
-7.47556266157878,609.566972911017
-7.5990454812487,608.37681604473
-7.72298648988147,607.180009982417
-7.84738797028924,605.976584979879
-7.97225219611671,604.766571376325
-8.09758143172461,603.549999592382
-8.22337793206661,602.3269001281
-8.34964394257039,601.097303560966
-8.47638169901485,599.861240543921
-8.60359342740856,598.618741803372
-8.73128134386583,597.369838137221
-8.85944765448257,596.114560412885
-8.98809455521224,594.852939565329
-9.11722423173912,593.585006595095
-9.24683885935247,592.310792566347
-9.37694060281866,591.030328604907
-9.50753161625459,589.743645896307
-9.63861404299647,588.450775683834
-9.77019001547282,587.151749266598
-9.90226165507119,585.846597997585
-10.0348310720104,584.535353281732
-10.1679003652047,583.218046573997
-10.3014716221337,581.894709377438
-10.4355469187081,580.565373241306
-10.5701283191347,579.230069759128
-10.7052178757816,577.888830566812
-10.8408176290424,576.541687340753
-10.9769296071999,575.188671795942
-11.1135558262872,573.829815684085
-11.250698289951,572.465150791733
-11.3883589893118,571.094708938414
-11.5265399028231,569.718521974774
-11.6652429961336,568.336621780728
-11.8044702219428,566.949040263614
-11.9442235198606,565.555809356362
-12.0845048162638,564.156961015665
-12.2253160241534,562.752527220161
-12.3666590430084,561.342539968622
-12.5085357586419,559.927031278157
-12.6509480430562,558.506033182412
-12.7938977542933,557.079577729796
-12.9373867362904,555.6476969817
-13.0814168187305,554.210423010737
-13.2259898168929,552.767787898978
-13.371107531505,551.319823736219
-13.5167717485911,549.866562618232
-13.6629842393217,548.408036645047
-13.8097467598614,546.944277919232
-13.957061051217,545.475318544187
-14.1049288390835,544.001190622448
-14.2533518336917,542.521926254002
-14.4023317296513,541.037557534611
-14.5518702057976,539.548116554144
-14.7019689250346,538.053635394933
-14.8526295341788,536.554146130116
-15.0038536638015,535.049680822018
-15.1556429280707,533.540271520517
-15.3079989245925,532.025950261448
-15.460923234252,530.506749064991
-15.614417421053,528.982699934095
-15.7684830319571,527.453834852891
-15.9231215967225,525.92018578514
-16.0783346277426,524.38178467267
-16.2341236198825,522.838663433843
-16.3904900503163,521.290853962018
-16.5474353783624,519.738388124043
-16.7049610453208,518.181297758746
-16.8630684743052,516.619614675441
-17.0217590700804,515.053370652448
-17.1810342188932,513.482597435629
-17.3408952883073,511.907326736927
-17.5013436270344,510.327590232927
-17.662380564768,508.743419563422
-17.8240074120131,507.154846329999
-17.9862254599167,505.561902094627
-18.1490359800995,503.964618378274
-18.3124402244849,502.363026659519
-18.4764394251269,500.757158373186
-18.6410347940414,499.147044908999
-18.8062275230311,497.532717610229
-18.9720187835156,495.914207772374
-19.1384097263563,494.291546641841
-19.3054014816848,492.664765414649
-19.4729951587278,491.033895235134
-19.6411918456324,489.39896719468
-19.8099926092925,487.760012330455
-19.9793984951716,486.117061624164
-20.1494105271284,484.47014600081
-20.3200297072394,482.819296327479
-20.4912570156231,481.16454341213
-20.6630934102614,479.505918002399
-20.8355398268246,477.843450784418
-21.0085971784892,476.177172381651
-21.1822663557639,474.507113353737
-21.3565482263072,472.833304195356
-21.5314436347507,471.155775335094
-21.706953402518,469.474557134339
-21.883078327645,467.789679886178
-22.0598191846002,466.101173814312
-22.2371767241031,464.409069071988
-22.4151516729439,462.713395740935
-22.5937447338023,461.014183830332
-22.7729565850649,459.311463275764
-22.9527878806436,457.605263938218
-23.1332392497949,455.895615603074
-23.3143112969347,454.18254797912
-23.4960046014583,452.466090697576
-23.6783197175544,450.746273311132
-23.8612571740252,449.023125293007
-24.0448174740997,447.296676036008
-24.2290010952522,445.566954851619
-24.4138084890177,443.83399096909
-24.5992400808069,442.097813534547
-24.7852962697229,440.358451610116
-24.9719774283766,438.615934173059
-25.159283902702,436.870290114923
-25.3472160117709,435.121548240703
-25.5357740476081,433.369737268022
-25.7249582750077,431.61488582632
-25.9147689313455,429.857022456062
-26.1052062263957,428.096175607956
-26.2962703421452,426.332373642181
-26.4879614326068,424.565644827642
-26.6802796236362,422.796017341221
-26.8732250127445,421.023519267057
-27.0667976689127,419.24817859583
-27.2609976324074,417.470023224061
-27.4558249145946,415.689080953431
-27.6512794977539,413.905379490104
-27.8473613348933,412.118946444069
-28.0440703495633,410.329809328495
-28.2414064356725,408.537995559102
-28.4393694573009,406.743532453542
-28.6379592485153,404.946447230787
-28.837175613185,403.146767010546
-29.0370183247946,401.344518812683
-29.2374871262613,399.539729556651
-29.4385817297492,397.732426060943
-29.6403018164838,395.922635042544
-29.8426470365691,394.110383116423
-30.0456170088031,392.295696794997
-30.2492113204922,390.478602487652
-30.4534295272695,388.659126500244
-30.6582711529091,386.837295034629
-30.8637356891452,385.013134188202
-31.0698225954872,383.186669953448
-31.2765312990366,381.357928217506
-31.4838611943066,379.526934761748
-31.6918116430377,377.693715261367
-31.9003819740173,375.858295284982
-32.1095714828983,374.020700294249
-32.3193794320159,372.18095564349
-32.5298050502103,370.339086579339
-32.7408475326427,368.495118240382
-32.952506040619,366.649075656833
-33.1647797014068,364.800983750205
-33.3776676080587,362.950867333
-33.5911688192337,361.098751108408
-33.8052823590178,359.244659670028
-34.0200072167474,357.388617501581
-34.2353423468319,355.53064897666
-34.4512866685773,353.670778358468
-34.6678390660103,351.809029799584
-34.8849983877026,349.945427341738
-35.1027634465969,348.079994915587
-35.3211330198316,346.212756340521
-35.5401058485681,344.343735324461
-35.7596806378168,342.472955463682
-35.979856056267,340.600440242645
-36.2006307361127,338.726213033834
-36.4220032728834,336.850297097613
-36.6439722252736,334.972715582086
-36.8665361149734,333.093491522973
-37.0896934264988,331.212647843498
-37.3134426070259,329.330207354286
-37.5377820662221,327.446192753265
-37.7627101760803,325.560626625593
-37.9882252707533,323.673531443583
-38.2143256463898,321.78492956664
-38.44100956097,319.89484324122
-38.6682752341424,318.003294600783
-38.8961208470634,316.110305665767
-39.1245445422341,314.215898343573
-39.3535444233427,312.320094428554
-39.5831185551026,310.422915602019
-39.8132649630968,308.524383432242
-40.0439816336195,306.624519374492
-40.2752665135194,304.723344771056
-40.5071175100462,302.82088085129
-40.7395324906955,300.917148731666
-40.9725092830562,299.012169415837
-41.2060456746578,297.105963794704
-41.4401394128218,295.198552646506
-41.6747882045096,293.289956636901
-41.9099897161762,291.380196319072
-42.1457415736214,289.469292133835
-42.3820413618445,287.557264409757
-42.6188866248997,285.644133363285
-42.8562748657518,283.729919098883
-43.0942035461341,281.814641609179
-43.3326700864081,279.898320775115
-43.5716718654231,277.98097636612
-43.8112062203774,276.062628040271
-44.0512704466817,274.143295344486
-44.2918617978238,272.222997714706
-44.5329774852334,270.301754476095
-44.7746146781497,268.379584843251
-45.0167705034893,266.456507920415
-45.2594420457175,264.532542701701
-45.5026263467175,262.607708071321
-45.7463204056654,260.682022803832
-45.9905211789032,258.755505564379
-46.2352255798148,256.828174908952
-46.4804304787042,254.900049284652
-46.7261327026742,252.97114702996
-46.9723290355062,251.041486375018
-47.2190162175428,249.111085441915
-47.4661909455728,247.179962244983
-47.7138498727143,245.248134691097
-47.9619896083043,243.315620579988
-48.2106067177853,241.382437604555
-48.4596977225974,239.448603351193
-48.7092591000695,237.514135300123
-48.9592872833137,235.57905082573
-49.2097786611219,233.643367196909
-49.4607295778612,231.707101577416
-49.7121363333751,229.770271026229
-49.9639951828846,227.832892497912
-50.2163023368893,225.894982842989
-50.469053961075,223.956558808324
-50.7222461762183,222.017637037501
-50.9758750580965,220.078234071225
-51.229936637398,218.138366347715
-51.484426899634,216.198050203109
-51.7393417850544,214.257301871876
-51.9946771885633,212.316137487235
-52.2504289596378,210.374573081574
-52.5065929022494,208.432624586884
-52.7631647747849,206.49030783519
-53.0201402899726,204.547638558996
-53.2775151148086,202.604632391728
-53.5352848704852,200.66130486819
-53.7934451323235,198.717671425017
-54.0519914297039,196.773747401147
-54.3109192460042,194.829548038281
-54.5702240185357,192.885088481361
-54.8299011384829,190.940383779053
-55.0899459508463,188.995448884227
-55.3503537543859,187.050298654451
-55.6111198015675,185.104947852481
-55.8722392985132,183.159411146767
-56.1337074049497,181.213703111957
-56.3955192341647,179.267838229403
-56.6576698529603,177.32183088768
-56.9201542816128,175.375695383105
-57.1829674938325,173.429445920258
-57.4461044167263,171.483096612514
-57.7095599307641,169.536661482577
-57.9733288697452,167.590154463013
-58.2374060207706,165.643589396798
-58.5017861242135,163.696980037859
-58.7664638736963,161.750340051628
-59.0314339160672,159.803683015595
-59.2966908513818,157.857022419868
-59.5622292328847,155.910371667735
-59.8280435669951,153.963744076231
-60.0941283132962,152.01715287671
-60.3604778845244,150.070611215413
-60.6270866465631,148.124132154058
-60.8939489184384,146.17772867041
-61.1610589723185,144.231413658873
-61.4284110335142,142.285199931077
-61.6959992804829,140.339100216474
-61.9638178448359,138.393127162925
-62.2318608113474,136.447293337309
-62.5001222179667,134.501611226121
-62.7685960558334,132.556093236077
-63.0372762692952,130.610751694725
-63.3061567559282,128.665598851053
-63.5752313665602,126.720646876112
-63.8444939052979,124.775907863624
-64.1139381295547,122.83139383061
-64.3835577500834,120.887116718009
-64.6533464310109,118.943088391308
-64.9232977898765,116.99932064117
-65.1934053976715,115.055825184062
-65.4636627788835,113.112613662897
-65.7340634115434,111.169697647663
-66.0046007272742,109.227088636065
-66.2752681113438,107.284798054172
-66.5460589027207,105.34283725705
-66.8169663941328,103.401217529419
-67.087983832128,101.459950086297
-67.3591044171404,99.5190460736483
-67.6303213035565,97.5785165690396
-67.9016275997869,95.6383725822951
-68.1730163683404,93.6986250561508
-68.4444806258998,91.7592848669156
-68.7160133434034,89.8203628251308
-68.9876074461275,87.881869676232
-69.2592558137732,85.9438161012138
-69.5309512805551,84.0062127172982
-69.8026866352955,82.0690700785966
-70.0744546215193,80.1323986767833
-70.3462479375532,78.1962089417664
-70.6180592366288,76.2605112423567
-70.8898811269873,74.3253158869434
-71.161706171989,72.39063312417
-71.4335268902253,70.4564731436083
-71.7053357556337,68.522846076436
-71.9771251976169,66.5897619961194
-72.2488876011651,64.6572309190871
-72.5206153069798,62.7252628054168
-72.7923006116043,60.7938675595135
-73.0639357675542,58.8630550307944
-73.3355129834538,56.9328350143713
-73.6070244241732,55.0032172517399
-73.8784622109722,53.0742114314585
-74.1498184216443,51.1458271898412
-74.4210850906653,49.2180741116418
-74.6922542093468,47.290961730743
-74.9633177259906,45.3644995308431
-75.2342675460481,43.4386969461494
-75.5050955322825,41.5135633620643
-75.7757935049351,39.5891081158763
-76.046353241894,37.6653404974527
-76.3167664788672,35.7422697499288
-76.5870249095591,33.8199050704011
-76.8571201858493,31.8982556106179
-77.1270439179767,29.9773304776712
-77.3967876747259,28.057138734691
-77.6663429836172,26.1376894015369
-77.9357013311001,24.2189914554896
-78.2048541627513,22.3010538319439
-78.4737928834747,20.3838854251052
-78.7425088577057,18.4674950886765
-79.0109934096194,16.5518916365555
-79.2792378233418,14.6370838435249
-79.5472333431644,12.7230804459456
-79.814971173763,10.8098901424505
-80.0824424804198,8.89752159463296
-80.3496383892484,6.98598342774238
-80.6165499874238,5.07528423137398
-80.8831683234148,3.1654325601591
-81.1494844072203,1.25643693445664
-81.4154892106088,-0.651694158955763
-81.6811736673631,-2.55895226619276
-81.9465286735265,-4.46532896557346
-82.211545087654,-6.3708158669312
-82.476213731066,-8.27540461092394
-82.7405253881077,-10.1790868683519
-83.0044708064091,-12.0818543394664
-83.2680406971515,-13.9836987532851
-83.5312257353356,-15.8846118669081
-83.7940165600541,-17.7845854648325
-84.0564037747682,-19.6836113582705
-84.3183779475875,-21.5816813844643
-84.5799296115522,-23.4787874060066
-84.8410492649221,-25.3749213101601
-85.1017273714651,-27.2700750081776
-85.3619543607534,-29.1642404346214
-85.6217206284605,-31.0574095466903
-85.881016536663,-32.949574323541
-86.1398324141457,-34.8407267656111
-86.3981585567109,-36.7308588939493
-86.6559852274914,-38.6199627495413
-86.913302657265,-40.5080303926364
-87.1701010447758,-42.3950539020807
-87.426370557058,-44.2810253746487
-87.6821013297615,-46.165936924372
-87.9372834674841,-48.0497806818803
-88.1919070441052,-49.9325487937306
-88.445962103124,-51.8142334217495
-88.6994386580018,-53.69482674237
-88.9523266925062,-55.574320945972
-89.2046161610608,-57.4527082362255
-89.456296989098,-59.3299808294344
-89.7073590734149,-61.2061309538818
-89.9577922825328,-63.0811508491759
-90.2075864570618,-64.9550327656023
-90.4567314100662,-66.8277689634727
-90.7052169274371,-68.6993517124787
-90.9530327682651,-70.5697732910454
-91.2001686652192,-72.4390259856899
-91.446614324928,-74.3071020903787
-91.6923594283647,-76.1739939058883
-91.9373936312358,-78.0396937391686
-92.1817065643736,-79.9041939027077
-92.4252878341321,-81.7674867138971
-92.6681270227852,-83.6295644944033
-92.9102136889319,-85.4904195695368
-93.1515373679008,-87.3500442676281
-93.3920875721611,-89.2084309193988
-93.6318537917357,-91.0655718573454
-93.8708254946193,-92.921459415115
-94.1089921271977,-94.7760859268904
-94.3463431146726,-96.6294437267724
-94.58286786149,-98.4815251481717
-94.8185557517698,-100.332322523194
-95.0533961497416,-102.181828182036
-95.2873784001823,-104.030034452377
-95.520491828858,-105.87693365878
-95.7527257429686,-107.722518122089
-95.9840694315964,-109.566780158832
-96.2145121661583,-111.409712080626
-96.4440432008607,-113.251306193589
-96.6726517731583,-115.091554797743
-96.9003271042162,-116.930450186436
-97.1270583993757,-118.76798464575
-97.3528348486224,-120.604150453929
-97.5776456270592,-122.438939880791
-97.8014798953814,-124.272345187161
-98.0243268003556,-126.104358624296
-98.2461754753025,-127.934972433311
-98.4670150405806,-129.764178844623
-98.6868346040774,-131.591970077376
-98.9056232616996,-133.418338338888
-99.123370097869,-135.243275824094
-99.3400641860217,-137.066774714987
-99.5556945891078,-138.888827180071
-99.7702503600988,-140.709425373812
-99.9837205424942,-142.528561436092
-100.196094170833,-144.346227491671
-100.40736027121,-146.162415649645
-100.617507861788,-147.977118002914
-100.826525953327,-149.79032662765
-101.034403549699,-151.602033582766
-101.241129648422,-153.412230909398
-101.446693241185,-155.220910630374
-101.651083314386,-157.028064749707
-101.854288849661,-158.833685252068
-102.056298824429,-160.63776410229
-102.257102212433,-162.440293244848
-102.456687984283,-164.24126460336
-102.655045108004,-166.04067008009
-102.852162549588,-167.838501555446
-103.048029273548,-169.634750887489
-103.242634243473,-171.429409911448
-103.435966422588,-173.222470439227
-103.628014774317,-175.013924258929
-103.818768262848,-176.803763134378
-104.008215853697,-178.591978804641
-104.196346514286,-180.37856298356
-104.38314921451,-182.16350735929
-104.568612927314,-183.946803593827
-104.752726629274,-185.72844332256
-104.935479301177,-187.508418153806
-105.116859928605,-189.286719668371
-105.296857502521,-191.063339419092
-105.475461019857,-192.838268930403
-105.652659484111,-194.611499697895
-105.828441905935,-196.383023187875
-106.002797303734,-198.152830836946
-106.175714704266,-199.920914051576
-106.347183143242,-201.687264207675
-106.517191665934,-203.451872650178
-106.685729327773,-205.214730692636
-106.852785194968,-206.975829616803
-107.018348345108,-208.735160672229
-107.182407867782,-210.492715075866
-107.344952865192,-212.24848401167
-107.50597245277,-214.002458630205
-107.665455759797,-215.754630048261
-107.82339193003,-217.50498934847
-107.979770122322,-219.253527578927
-108.134579511249,-221.000235752817
-108.287809287742,-222.745104848046
-108.439448659711,-224.488125806875
-108.589486852684,-226.229289535563
-108.737913110438,-227.968586904007
-108.884716695636,-229.706008745397
-109.029886890466,-231.441545855867
-109.173412997281,-233.175188994152
-109.315284339241,-234.906928881254
-109.455490260955,-236.63675620011
-109.594020129132,-238.364661595265
-109.730863333219,-240.090635672547
-109.866009286062,-241.814668998754
-109.999447424545,-243.536752101339
-110.131167210251,-245.256875468101
-110.261158130112,-246.975029546886
-110.389409697062,-248.691204745285
-110.515911450701,-250.405391430347
-110.640652957945,-252.117579928285
-110.763623813694,-253.827760524195
-110.884813641485,-255.535923461781
-111.004212094162,-257.242058943079
-111.121808854533,-258.946157128194
-111.237593636042,-260.648208135029
-111.351556183428,-262.348202039039
-111.4636862734,-264.046128872967
-111.573973715299,-265.741978626609
-111.68240835177,-267.435741246561
-111.788980059437,-269.127406635991
-111.893678749568,-270.816964654405
-111.996494368751,-272.504405117418
-112.097416899568,-274.18971779654
-112.196436361271,-275.872892418952
-112.293542810452,-277.553918667305
-112.388726341725,-279.23278617951
-112.481977088401,-280.90948454854
-112.573285223163,-282.584003322238
-112.66264095875,-284.256332003126
-112.75003454863,-285.926460048226
-112.835456287684,-287.594376868876
-112.918896512882,-289.260071830568
-113.000345603969,-290.923534252775
-113.079793984139,-292.584753408791
-113.157232120724,-294.243718525577
-113.232650525867,-295.900418783614
-113.306039757215,-297.554843316754
-113.377390418589,-299.206981212087
-113.446693160676,-300.856821509805
-113.513938681707,-302.504353203078
-113.57911772814,-304.149565237929
-113.642221095345,-305.792446513123
-113.703239628283,-307.432985880057
-113.762164222192,-309.071172142652
-113.818985823268,-310.70699405726
-113.873695429348,-312.340440332568
-113.926284090592,-313.971499629516
-113.976742910164,-315.600160561209
-114.025063044915,-317.226411692852
-114.071235706063,-318.850241541675
-114.115252159877,-320.471638576869
-114.157103728354,-322.090591219536
-114.196781789898,-323.707087842629
-114.234277780004,-325.321116770915
-114.269583191933,-326.93266628093
-114.302689577391,-328.541724600949
-114.333588547208,-330.14827991096
-114.362271772011,-331.752320342636
-114.388730982903,-333.353833979332
-114.412957972138,-334.952808856062
-114.434944593789,-336.549232959509
-114.454682764432,-338.143094228018
-114.472164463806,-339.73438055161
-114.487381735491,-341.323079771998
-114.500326687576,-342.909179682607
-114.510991493328,-344.4926680286
-114.519368391855,-346.073532506914
-114.525449688779,-347.651760766301
-114.529227756892,-349.227340407369
-114.530695036828,-350.80025898264
-114.529844037717,-352.370503996603
-114.526667337847,-353.938062905786
-114.521157585325,-355.502923118816
-114.513307498731,-357.065071996509
-114.503109867773,-358.62449685194
-114.49055755394,-360.181184950543
-114.475643491156,-361.735123510202
-114.458360686426,-363.286299701353
-114.438702220484,-364.834700647093
-114.416661248439,-366.380313423296
-114.392231000421,-367.923125058729
-114.365404782217,-369.463122535187
-114.336175975912,-371.000292787619
-114.304538040529,-372.534622704271
-114.270484512659,-374.066099126833
-114.234009007094,-375.594708850588
-114.195105217459,-377.120438624575
-114.153766916837,-378.643275151751
-114.109987958395,-380.163205089162
-114.063762276002,-381.680215048123
-114.015083884855,-383.1942915944
-113.96394688209,-384.705421248402
-113.910345447398,-386.213590485375
-113.854273843636,-387.71878573561
-113.795726417435,-389.220993384645
-113.734697599803,-390.720199773489
-113.671181906732,-392.216391198836
-113.60517393979,-393.709553913301
-113.536668386723,-395.199674125649
-113.465660022044,-396.686738001037
-113.392143707623,-398.170731661266
-113.316114393273,-399.651641185029
-113.237567117335,-401.129452608175
-113.156497007251,-402.604151923972
-113.072899280148,-404.075725083383
-112.986769243401,-405.544157995345
-112.898102295208,-407.009436527052
-112.806893925152,-408.471546504247
-112.713139714763,-409.930473711525
-112.616835338072,-411.386203892628
-112.517976562168,-412.838722750767
-112.416559247746,-414.28801594893
-112.312579349651,-415.73406911021
-112.20603291742,-417.17686781813
-112.096916095819,-418.616397616986
-111.985225125376,-420.052644012183
-111.870956342909,-421.485592470586
-111.754106182051,-422.915228420872
-111.634671173769,-424.341537253894
-111.512647946881,-425.764504323048
-111.388033228563,-427.184114944642
-111.260823844861,-428.600354398281
-111.131016721188,-430.013207927249
-110.998608882824,-431.4226607389
-110.863597455408,-432.828698005061
-110.725979665423,-434.231304862428
-110.585752840682,-435.630466412986
-110.442914410805,-437.026167724415
-110.297461907688,-438.418393830521
-110.149392965977,-439.80712973166
-109.998705323525,-441.192360395171
-109.845396821856,-442.574070755823
-109.689465406609,-443.952245716254
-109.530909127991,-445.326870147427
-109.369726141218,-446.697928889089
-109.205914706948,-448.065406750236
-109.039473191716,-449.42928850958
-108.870400068357,-450.78955891603
-108.698693916425,-452.146202689167
-108.52435342261,-453.499204519742
-108.347377381143,-454.848549070161
-108.167764694203,-456.194220974988
-107.985514372307,-457.536204841453
-107.800625534711,-458.874485249959
-107.613097409784,-460.209046754601
-107.422929335397,-461.539873883687
-107.23012075929,-462.866951140271
-107.034671239441,-464.190263002682
-106.836580444426,-465.509793925063
-106.635848153777,-466.825528337922
-106.432474258327,-468.137450648677
-106.226458760552,-469.445545242215
-106.017801774911,-470.749796481455
-105.80650352817,-472.05018870791
-105.59256435973,-473.346706242266
-105.37598472194,-474.639333384955
-105.156765180408,-475.928054416743
-104.934906414306,-477.212853599314
-104.710409216662,-478.493715175868
-104.483274494657,-479.770623371717
-104.253503269901,-481.043562394892
-104.021096678714,-482.312516436752
-103.786055972393,-483.577469672598
-103.548382517478,-484.838406262292
-103.308077796002,-486.095310350887
-103.065143405744,-487.348166069248
-102.819581060469,-488.596957534698
-102.571392590163,-489.841668851648
-102.32057994126,-491.082284112248
-102.067145176859,-492.318787397031
-101.811090476943,-493.551162775577
-101.552418138579,-494.779394307159
-101.291130576118,-496.00346604142
-101.027230321386,-497.223362019031
-100.760720023867,-498.439066272371
-100.491602450878,-499.650562826202
-100.219880487739,-500.857835698349
-99.9455571379312,-502.060868900394
-99.6686355232531,-503.259646438358
-99.3891188839635,-504.454152313405
-99.1070105789197,-505.644370522533
-98.8223140857086,-506.830285059288
-98.5350330007675,-508.011879914464
-98.2451710394995,-509.18913907682
-97.9527320363797,-510.362046533795
-97.6577199450542,-511.53058627223
-97.3601388384298,-512.69474227909
-97.059992908758,-513.854498542196
-96.7572864677097,-515.009839050957
-96.4520239464408,-516.160747797103
-96.1442098956523,-517.307208775429
-95.8338489856396,-518.449205984538
-95.5209460063361,-519.586723427586
-95.2055058673468,-520.719745113037
-94.8875335979745,-521.848255055414
-94.5670343472371,-522.972237276063
-94.2440133838787,-524.091675803905
-93.9184760963692,-525.206554676213
-93.590427992898,-526.316857939367
-93.2598747013584,-527.42256964964
-92.9268219693248,-528.523673873957
-92.5912756640187,-529.620154690689
-92.2532417722694,-530.711996190419
-91.9127264004647,-531.799182476738
-91.5697357744931,-532.881697667024
-91.2242762396781,-533.959525893232
-90.8763542607031,-535.032651302692
-90.5259764215289,-536.101058058899
-90.1731494253012,-537.164730342312
-89.8178800942512,-538.223652351155
-89.4601753695855,-539.277808302219
-89.1000423113698,-540.327182431668
-88.7374880984023,-541.371758995845
-88.3725200280783,-542.411522272087
-88.0051455162468,-543.446456559529
-87.6353720970589,-544.476546179925
-87.2632074228062,-545.501775478462
-86.888659263751,-546.522128824579
-86.5117355079484,-547.537590612786
-86.132444161059,-548.548145263489
-85.750793346152,-549.55377722381
-85.366791303502,-550.554470968417
-84.9804463903744,-551.550211000349
-84.5917670808027,-552.540981851844
-84.2007619653588,-553.526768085172
-83.8074397509116,-554.507554293467
-83.4118092603797,-555.483325101555
-83.0138794324725,-556.454065166798
-82.6136593214239,-557.419759179918
-82.2111580967181,-558.380391865845
-81.8063850428047,-559.335947984544
-81.399349558806,-560.286412331866
-80.9900611582152,-561.231769740375
-80.5785294685861,-562.172005080196
-80.1647642312134,-563.107103259855
-79.7487753008044,-564.03704922712
-79.3305726451426,-564.961827969843
-78.9101663447412,-565.8814245168
-78.4875665924886,-566.795823938543
-78.0627836932847,-567.705011348233
-77.6358280636692,-568.608971902488
-77.2067102314401,-569.50769080223
-76.7754408352637,-570.401153293521
-76.3420306242763,-571.289344668416
-75.9064904576766,-572.1722502658
-75.4688313043094,-573.049855472233
-75.0290642422413,-573.922145722795
-74.5872004583261,-574.789106501926
-74.1432512477636,-575.650723344272
-73.6972280136476,-576.506981835524
-73.2491422665066,-577.357867613259
-72.799005623836,-578.203366367784
-72.3468298096198,-579.04346384297
-71.8926266538464,-579.878145837099
-71.4364080920136,-580.707398203692
-70.978186164626,-581.531206852355
-70.517973016683,-582.349557749611
-70.0557808971603,-583.162436919729
-69.5916221584805,-583.96983044557
-69.125509255977,-584.771724469408
-68.6574547473482,-585.568105193762
-68.1874712921025,-586.35895888223
-67.7155716509996,-587.144271860312
-67.241768685476,-587.924030516236
-66.7660753570702,-588.698221301779
-66.2885047268312,-589.466830733099
-65.8090699547281,-590.229845391541
-65.3277842990418,-590.987251924463
-64.8446611157559,-591.739037046052
-64.3597138579369,-592.48518753813
-63.8729560751043,-593.225690250975
-63.3844014125958,-593.96053210412
-62.894063610923,-594.689700087167
-62.4019565051191,-595.413181260583
-61.9080940240776,-596.130962756507
-61.4124901898859,-596.843031779543
-60.9151591171483,-597.54937560756
-60.4161150123029,-598.24998159248
-59.9153721729285,-598.944837161067
-59.4129449870471,-599.633929815718
-58.9088479324152,-600.317247135239
-58.4030955758108,-600.99477677563
-57.8957025723091,-601.666506470858
-57.3866836645537,-602.332424033631
-56.87605368202,-602.992517356166
-56.3638275402685,-603.646774410955
-55.8500202401948,-604.29518325153
-55.3346468672681,-604.937732013216
-54.8177225907644,-605.574408913885
-54.2992626629944,-606.205202254713
-53.7792824185205,-606.830100420918
-53.2577972733684,-607.449091882506
-52.7348227242332,-608.06216519501
-52.2103743476747,-608.669309000223
-51.6844677993099,-609.27051202692
-51.1571188129956,-609.865763091593
-50.6283432000062,-610.455051099168
-50.098156848203,-611.038365043716
-49.5665757211988,-611.615694009168
-49.0336158575131,-612.18702717002
-48.4992933697237,-612.752353792034
-47.9636244436105,-613.311663232934
-47.4266253372918,-613.8649449431
-46.8883123803562,-614.412188466248
-46.348701972987,-614.953383440117
-45.8078105850811,-615.48851959714
-45.2656547553603,-616.017586765118
-44.7222510904791,-616.540574867884
-44.1776162641228,-617.057473925959
-43.6317670161044,-617.56827405721
-43.0847201514507,-618.072965477499
-42.5364925394871,-618.57153850132
-41.9871011129123,-619.063983542439
-41.4365628668713,-619.550291114528
-40.8848948580205,-620.030451831785
-40.332114203588,-620.504456409553
-39.778238080429,-620.972295664936
-39.2232837240749,-621.433960517405
-38.667268427777,-621.889441989395
-38.1102095415471,-622.338731206903
-37.5521244711905,-622.781819400076
-36.9930306773348,-623.218697903789
-36.4329456744552,-623.649358158221
-35.8718870298935,-624.073791709428
-35.309872362872,-624.491990209895
-34.746919343504,-624.9039454191
-34.1830456917985,-625.30964920406
-33.6182691766621,-625.709093539868
-33.0526076148945,-626.102270510233
-32.4860788701812,-626.489172308004
-31.9187008520811,-626.869791235693
-31.3504915150099,-627.244119705987
-30.7814688572209,-627.612150242253
-30.2116509197792,-627.973875479038
-29.6410557855348,-628.329288162566
-29.0697015780901,-628.678381151213
-28.4976064607647,-629.021147415992
-27.9247886355553,-629.357580041018
-27.3512663420941,-629.687672223973
-26.7770578566015,-630.011417276559
-26.202181490838,-630.328808624948
-25.6266555910495,-630.639839810215
-25.0504985369138,-630.944504488778
-24.4737287404797,-631.242796432817
-23.8963646451076,-631.53470953069
-23.3184247244012,-631.820237787343
-22.7399274811432,-632.09937532471
-22.1608914462246,-632.372116382107
-21.5813351775705,-632.638455316612
-21.0012772590674,-632.898386603448
-20.4207362994837,-633.151904836343
-19.8397309313903,-633.399004727898
-19.2582798100802,-633.639681109939
-18.6764016124818,-633.873928933851
-18.0941150360761,-634.101743270925
-17.5114387978062,-634.323119312681
-16.9283916329891,-634.538052371185
-16.3449922942241,-634.746537879361
-15.7612595502998,-634.948571391296
-15.1772121850988,-635.144148582529
-14.5928689965049,-635.33326525034
-14.0082487953029,-635.515917314023
-13.4233704040817,-635.69210081516
-12.8382526561353,-635.861811917874
-12.2529143943617,-636.025046909084
-11.6673744701631,-636.181802198747
-11.081651742343,-636.332074320091
-10.4957650760038,-636.47585992984
-9.90973334144358,-636.61315580843
-9.3235754130533,-636.743958860218
-8.73731016821138,-636.868266113678
-8.15095648618136,-636.986074721595
-7.56453324700565,-637.097381961242
-6.97805933040213,-637.202185234557
-6.39155361465952,-637.300482068299
-5.80503497553346,-637.392270114212
-5.21852228514109,-637.477547149165
-4.63203441085962,-637.556311075285
-4.04559021422094,-637.628559920097
-3.45920854981024,-637.69429183663
-2.87290826416361,-637.753505103536
-2.28670819466672,-637.806198125183
-1.70062716845352,-637.85236943176
-1.1146840013091,-637.892017679342
-0.528897496568948,-637.925141649979
0.056713555977991,-637.951740251755
0.642130381184128,-637.971812518844
1.22733421963892,-637.98535761156
1.81230632876115,-637.992374816389
2.39702798389196,-637.992863546025
2.98148047938384,-637.986823339384
3.56564512968919,-637.974253861622
4.14950327044526,-637.955154904129
4.73303625956168,-637.929526384526
5.31622547829973,-637.89736834665
5.89905233235424,-637.858680960526
6.48149825293067,-637.813464522335
7.06354469782133,-637.76171945437
7.6451731524781,-637.703446304982
8.22636513108307,-637.638645748524
8.80710217761617,-637.567318585275
9.3873658669214,-637.489465741367
9.96713780576834,-637.405088268689
10.5463996339103,-637.314187344796
11.1251330251442,-637.216764272807
11.7033196883596,-637.112820481278
12.2809413685925,-637.002357524087
12.8579798480689,-636.885377080302
13.43441694725,-636.761880954036
14.010234525872,-636.631871074297
14.5854144839803,-636.49534949483
15.1599387629646,-636.35231839395
15.7337893465865,-636.202780074364
16.3069482620021,-636.046736962983
16.8793975807875,-635.884191610736
17.4511194199521,-635.715146692357
18.0220959429507,-635.539605006179
18.5923093606957,-635.357569473915
19.1617419325568,-635.169043140426
19.7303759673631,-634.974029173482
20.2981938243988,-634.772530863524
20.8651779143907,-634.564551623401
21.4313107004975,-634.350094988112
21.9965746992892,-634.129164614531
22.5609524817232,-633.901764281129
23.1244266741157,-633.667897887689
23.686979959109,-633.427569455005
24.2485950766311,-633.180783124575
24.8092548248528,-632.927543158298
25.3689420611384,-632.667853938139
25.9276397029903,-632.401719965812
26.4853307289896,-632.129145862433
27.0419981797302,-631.85013636818
27.5976251587472,-631.564696341936
28.1521948334419,-631.272830760931
28.7056904359968,-630.974544720365
29.2580952642882,-630.669843433039
29.8093926827924,-630.358732228962
30.3595661234848,-630.041216554962
30.9085990867336,-629.717301974286
31.4564751421876,-629.386994166185
32.0031779296567,-629.050298925504
32.5486911599883,-628.707222162253
33.0929986159341,-628.357769901179
33.6360841530151,-628.001948281326
34.1779317003746,-627.639763555584
34.7185252616287,-627.271222090243
35.2578489157101,-626.896330364524
35.7958868177012,-626.515094970115
36.3326231996655,-626.127522610695
36.8680423714698,-625.733620101445
37.402128721599,-625.333394368568
37.9348667179647,-624.926852448785
38.4662409087064,-624.514001488829
38.9962359229869,-624.094848744943
39.5248364717791,-623.669401582352
40.0520273486458,-623.237667474745
40.5777934305129,-622.799654003742
41.1021196784346,-622.355368858354
41.624991138352,-621.904819834442
42.1463929418435,-621.448014834161
42.6663103068681,-620.984961865409
43.184728538501,-620.515669041258
43.7016330296612,-620.040144579385
44.2170092618344,-619.558396801494
44.730842805782,-619.070434132741
45.243119322249,-618.576265101133
45.7538245626596,-618.075898336944
46.2629443698083,-617.569342572109
46.7704646785393,-617.056606639618
47.2763715164212,-616.537699472904
47.7806510044127,-616.012630105226
48.2832893575192,-615.481407669043
48.7842728854437,-614.944041395388
49.2835879932256,-614.400540613229
49.7812211818778,-613.850914748833
50.2771590490068,-613.295173325115
50.7713882894338,-612.733325960992
51.2638956958004,-612.165382370727
51.7546681591695,-611.591352363263
52.2436926696167,-611.011245841562
52.7309563168157,-610.425072801929
53.2164462906093,-609.83284333334
53.7001498815802,-609.234567616759
54.1820544816053,-608.630255924455
54.662147584408,-608.019918619304
55.1404167860968,-607.403566154106
55.6168497856991,-606.781209070877
56.0914343856854,-606.152858000145
56.5641584924809,-605.518523660249
57.0350101169775,-604.878216856621
57.5039773750257,-604.231948481069
57.9710484879282,-603.579729511062
58.4362117829168,-602.921571009002
58.8994556936259,-602.257484121492
59.3607687605545,-601.587480078612
59.8201396315193,-600.911570193178
60.2775570621015,-600.229765860001
60.7330099160814,-599.542078555149
61.1864871658664,-598.848519835199
61.6379778929094,-598.149101336481
62.087471288118,-597.443834774334
62.5349566522556,-596.732731942344
62.9804233963333,-596.015804711586
63.4238610419922,-595.293065029858
63.8652592218765,-594.564524920923
64.3046076800009,-593.830196483733
64.7418962721033,-593.090091891661
65.1771149659946,-592.344223391728
65.6102538418943,-591.592603303824
66.0413030927608,-590.83524401993
66.4702530246119,-590.072158003337
66.8970940568344,-589.303357787862
67.3218167224859,-588.52885597706
67.7444116685905,-587.748665243438
68.1648696564185,-586.962798327665
68.5831815617658,-586.171268037776
68.9993383752164,-585.37408724838
69.4133312024014,-584.571268899865
69.8251512642451,-583.762825997598
70.2347898972069,-582.948771611123
70.6422385535081,-582.129118873367
71.0474888013546,-581.303880979833
71.4505323251487,-580.473071187792
71.8513609256923,-579.636702815485
72.2499665203799,-578.794789241309
72.6463411433852,-577.947343903018
73.0404769458351,-577.094380296905
73.4323661959803,-576.235911976997
73.8220012793497,-575.371952554245
74.2093746989035,-574.502515695709
74.5944790751705,-573.627615123748
74.9773071463814,-572.747264615207
75.3578517685917,-571.861478000603
75.7361059157946,-570.970269163312
76.1120626800267,-570.073652038752
76.4857152714646,-569.171640613569
76.8570570185111,-568.264248924829
77.2260813678755,-567.351491059192
77.5927818846419,-566.433381152104
77.9571522523317,-565.50993338698
78.3191862729554,-564.581161994389
78.6788778670569,-563.647081251241
79.0362210737473,-562.70770547997
79.3912100507333,-561.763049047721
79.7438390743341,-560.813126365538
80.0941025394899,-559.857951887548
80.4419949597647,-558.897540110148
80.7875109673363,-557.9319055712
81.1306453129822,-556.961062849209
81.4713928660522,-555.985026562524
81.8097486144379,-555.00381136852
82.1457076645293,-554.017431962794
82.4792652411656,-553.025903078358
82.810416687576,-552.029239484828
83.1391574653156,-551.027455987628
83.4654831541861,-550.020567427176
83.7893894521577,-549.008588678092
84.1108721752734,-547.991534648388
84.4299272575523,-546.969420278677
84.7465507508807,-545.94226054137
85.0607388248973,-544.91007043988
85.3724877668677,-543.872865007831
85.6817939815551,-542.830659308266
85.9886539910779,-541.783468432853
86.2930644347634,-540.731307501099
86.5950220689936,-539.674191659562
86.894523767038,-538.61213608107
87.1915665188862,-537.545155963935
87.4861474310665,-536.473266531176
87.7782637264606,-535.396483029739
88.0679127441075,-534.314820729728
88.3550919390034,-533.228294923622
88.6397988818912,-532.136920925513
88.922031259043,-531.04071407034
89.2017868720361,-529.939689713115
89.4790636375204,-528.83386322817
89.7538595869789,-527.723250008394
90.0261728664821,-526.607865464475
90.2960017364324,-525.487725024153
90.563344571303,-524.362844131461
90.8281998593701,-523.233238245984
91.0905662024364,-522.09892284211
91.3504423155486,-520.959913408296
91.6078270267075,-519.816225446323
91.8627192765721,-518.667874470564
92.1151181181538,-517.514876007255
92.3650227165078,-516.357245593764
92.6124323484138,-515.194998777868
92.857346402054,-514.028151117037
93.0997643766791,-512.856718177707
93.3396858822744,-511.680715534575
93.5771106392113,-510.500158769889
93.8120384779004,-509.315063472736
94.0444693384318,-508.125445238348
94.2744032702116,-506.931319667396
94.5018404315928,-505.732702365302
94.7267810894978,-504.529608941545
94.9492256190361,-503.322055008981
95.1691745031153,-502.110056183149
95.3866283320464,-500.893628081606
95.6015878031409,-499.672786323246
95.8140537203065,-498.447546527633
96.0240269936308,-497.217924314334
96.2315086389642,-495.983935302263
96.4364997774946,-494.745595109015
96.6390016353157,-493.502919350228
96.8390155429912,-492.255923638924
97.036542935113,-491.004623584867
97.231585349852,-489.749034793933
97.4241444285069,-488.48917286747
97.614221915043,-487.225053401669
97.8018196556292,-485.95669198694
97.9869395981684,-484.684104207297
98.1695837918227,-483.407305639735
98.349754386532,-482.126311853631
98.5274536325303,-480.841138410127
98.7026838798543,-479.551800861539
98.875447577848,-478.258314750759
99.0457472746618,-476.960695610664
99.2135856167486,-475.658958963534
99.3789653483514,-474.353120320464
99.5418893109895,-473.043195180804
99.7023604429386,-471.729199031571
99.8603817787068,-470.411147346901
100.015956448504,-469.089055587479
100.16908767771,-467.762939199991
100.319778786334,-466.432813616571
100.468033188476,-465.09869425426
100.613854391778,-463.760596514468
100.757245996869,-462.418535782441
100.898211696817,-461.072527426731
101.036755276565,-459.722586798681
101.172880612367,-458.368729231901
101.306591671222,-457.010970041762
101.437892510305,-455.649324524888
101.566787276386,-454.28380795866
101.693280205255,-452.914435600717
101.817375621136,-451.541222688469
101.939077936104,-450.16418443862
102.058391649493,-448.783336046677
102.1753213473,-447.398692686493
102.289871701591,-446.010269509796
102.402047469899,-444.618081645722
102.51185349462,-443.222144200374
102.619294702403,-441.822472256357
102.724376103546,-440.419080872351
102.827102791375,-439.011985082664
102.92747994163,-437.601199896804
103.025512811848,-436.186740299052
103.121206740734,-434.768621248044
103.21456714754,-433.34685767636
103.305599531436,-431.921464490108
103.394309470877,-430.492456568535
103.480702622967,-429.059848763613
103.564784722829,-427.623655899671
103.646561582958,-426.183892772992
103.726039092584,-424.740574151444
103.803223217027,-423.293714774107
103.878119997048,-421.843329350911
103.950735548203,-420.389432562261
104.02107606019,-418.932039058705
104.089147796196,-417.471163460568
104.154957092244,-416.006820357615
104.218510356528,-414.539024308724
104.279814068762,-413.067789841543
104.338874779516,-411.593131452171
104.395699109548,-410.115063604848
104.450293749145,-408.633600731631
104.502665457452,-407.148757232096
104.552821061804,-405.660547473037
104.60076745706,-404.168985788175
104.646511604924,-402.674086477865
104.690060533277,-401.175863808819
104.7314213355,-399.674332013832
104.770601169801,-398.169505291511
104.807607258531,-396.66139780601
104.842446887514,-395.150023686782
104.875127405359,-393.635397028317
104.905656222787,-392.117531889907
104.934040811941,-390.596442295402
104.960288705707,-389.072142232983
104.984407497033,-387.544645654927
105.006404838239,-386.013966477403
105.026288440333,-384.480118580236
105.044066072324,-382.943115806724
105.05974556054,-381.402971963417
105.073334787931,-379.859700819931
105.084841693388,-378.313316108758
105.094274271052,-376.76383152508
105.101640569624,-375.211260726597
105.106948691676,-373.655617333347
105.110206792959,-372.096914927553
105.111423081717,-370.535167053455
105.11060581799,-368.970387217161
105.10776331293,-367.402588886501
105.102903928103,-365.831785490887
105.096036074806,-364.257990421173
105.087168213367,-362.681217029536
105.076308852462,-361.101478629343
105.063466548418,-359.518788495046
105.048649904527,-357.933159862064
105.031867570352,-356.344605926679
105.013128241038,-354.753139845946
104.992440656623,-353.158774737585
104.969813601346,-351.561523679913
104.945255902959,-349.961399711754
104.91877643204,-348.358415832361
104.890384101301,-346.75258500136
104.860087864905,-345.143920138675
104.827896717774,-343.532434124482
104.793819694906,-341.91813979915
104.75786587069,-340.301049963203
104.720044358217,-338.681177377279
104.680364308601,-337.058534762093
104.638834910293,-335.43313479842
104.595465388398,-333.804990127068
104.550265003996,-332.174113348857
104.503243053463,-330.54051702462
104.454408867787,-328.904213675201
104.403771811893,-327.265215781443
104.351341283968,-325.623535784206
104.297126714783,-323.979186084386
104.241137567017,-322.332179042922
104.183383334587,-320.682526980831
104.123873541979,-319.030242179235
104.062617743569,-317.375336879398
103.999625522961,-315.717823282771
103.93490649232,-314.057713551037
103.868470291702,-312.395019806165
103.800326588391,-310.729754130472
103.73048507624,-309.061928566683
103.658955475007,-307.39155511801
103.585747529696,-305.718645748221
103.510871009897,-304.043212381725
103.434335709137,-302.365266903654
103.356151444221,-300.684821159964
103.276328054581,-299.00188695753
103.194875401625,-297.316476064246
103.111803368093,-295.628600209136
103.027121857406,-293.938271082477
102.940840793024,-292.245500335904
102.852970117805,-290.550299582547
102.763519793364,-288.85268039716
102.672499799436,-287.152654316253
102.579920133238,-285.450232838231
102.485790808839,-283.745427423555
102.390121856528,-282.038249494881
102.292923322185,-280.328710437217
102.194205266653,-278.616821598096
102.093977765116,-276.902594287735
101.992250906477,-275.186039779206
101.889034792741,-273.467169308625
101.784339538392,-271.745994075325
101.678175269784,-270.022525242052
101.57055212453,-268.296773935149
101.461480250889,-266.568751244766
101.350969807161,-264.838468225053
101.239030961088,-263.10593589438
101.125673889242,-261.37116523554
101.010908776438,-259.63416719597
100.894745815132,-257.894952687985
100.777195204829,-256.153532588988
100.658267151494,-254.409917741721
100.537971866962,-252.664118954495
100.416319568358,-250.91614700143
100.293320477512,-249.166012622713
100.168984820378,-247.41372652484
100.043322826465,-245.659299380885
99.9163447282613,-243.902741830749
99.7880607606596,-242.14406448144
99.6584811603977,-240.383277907336
99.5276161654906,-238.620392650465
99.3954760146702,-236.855419220786
99.2620709468292,-235.088368096476
99.1274112004656,-233.319249724215
98.9915070131298,-231.548074519489
98.8543686208803,-229.774852866884
98.7160062577354,-227.99959512039
98.5764301551325,-226.222311603712
98.4356505413889,-224.443012610583
98.2936776411687,-222.661708405077
98.1505216749484,-220.878409221938
98.006192858489,-219.093125266902
97.8607014023106,-217.305866717024
97.7140575111716,-215.516643721021
97.5662713835477,-213.725466399607
97.4173532111179,-211.932344845833
97.2673131782534,-210.137289125445
97.1161614615078,-208.340309277224
96.9639082291115,-206.54141531335
96.8105636404726,-204.740617219764
96.656137845677,-202.937924956522
96.5006409849931,-201.133348458171
96.344083188382,-199.32689763413
96.1864745750108,-197.518582369047
96.0278252527652,-195.708412523199
95.8681453177729,-193.896397932864
95.7074448539233,-192.082548410719
95.5457339323975,-190.266873746223
95.3830226111938,-188.449383706022
95.2193209346674,-186.630088034351
95.0546389330627,-184.808996453427
94.8889866220585,-182.98611866387
94.7223740023087,-181.161464345105
94.5548110589947,-179.33504315579
94.386307761373,-177.506864734221
94.2168740623374,-175.676938698768
94.0465198979707,-173.845274648293
93.8752551871141,-172.011882162587
93.7030898309313,-170.176770802805
93.5300337124785,-168.339950111895
93.3560966962813,-166.501429615053
93.1812886279093,-164.661218820156
93.0056193335615,-162.819327218215
92.8290986196491,-160.975764283833
92.6517362723863,-159.130539475654
92.473542057383,-157.283662236821
92.2945257192417,-155.435141995443
92.1146969811576,-153.58498816506
91.9340655445247,-151.733210145115
91.752641088542,-149.879817321417
91.570433269827,-148.024819066625
91.3874517220316,-146.168224740728
91.2037060554603,-144.310043691524
91.0192058566956,-142.450285255103
90.8339606882244,-140.588958756341
90.6479800880684,-138.726073509394
90.4612735694213,-136.861638818183
90.2738506202852,-134.995663976904
90.0857207031142,-133.128158270518
89.8968932544617,-131.259130975264
89.7073776846296,-129.388591359165
89.5171833773232,-127.516548682531
89.3263196893079,-125.643012198483
89.1347959500726,-123.767991153462
88.942621461495,-121.891494787742
88.7498054975106,-120.013532335972
88.5563573037866,-118.134113027681
88.3622860973982,-116.253246087811
88.1676010665111,-114.370940737252
87.9723113700647,-112.48720619337
87.7764261374633,-110.602051670543
87.5799544682647,-108.715486380703
87.3829054318807,-106.827519533873
87.1852880672751,-104.938160338709
86.9871113826684,-103.047418003053
86.7883843552441,-101.155301734477
86.5891159308632,-99.2618207408329
86.3893150237776,-97.3669842308089
86.1889905163499,-95.4708014144821
85.9881512587768,-93.5732815038841
85.786806068816,-91.6744337135541
85.5849637315159,-89.7742672611091
85.3826329989522,-87.8727913677979
85.1798225899627,-85.9700152590851
84.9765411898954,-84.0659481652093
84.7727974503456,-82.1605993217597
84.5685999889143,-80.2539779702498
84.3639573889563,-78.3460933586946
84.1588781993378,-76.4369547421911
83.9533709341993,-74.5265713834929
83.7474440727188,-72.6149525536048
83.5411060588797,-70.7021075323524
83.3343653012445,-68.788045608985
83.1272301727283,-66.8727760827551
82.9197090103803,-64.9563082635078
82.7118101151663,-63.038651472283
82.5035417517541,-61.1198150419005
82.294912148307,-59.1998083175647
82.0859294962741,-57.2786406574535
81.8766019501928,-55.3563214333308
81.6669376274857,-53.4328600311322
81.456944608268,-51.5082658515878
81.2466309351565,-49.5825483108129
81.0360046130821,-47.6557168409178
80.8250736091024,-45.72778089062
80.6138458522271,-43.7987499258545
80.4023292332356,-41.8686334303765
80.1905316045054,-39.9374409063892
79.9784607798452,-38.0051818751439
79.7661245343241,-36.0718658775659
79.5535306041124,-34.1375024748654
79.3406866863191,-32.2021012491613
79.1276004388402,-30.2656718040969
78.9142794802032,-28.3282237654638
78.70073138942,-26.3897667818241
78.4869637058397,-24.4503105251325
78.27298392901,-22.5098646913632
78.0587995185359,-20.5684390011328
77.844417893946,-18.6260432003336
77.62984643456,-16.6826870607546
77.4150924793614,-14.7383803807128
77.2001633268723,-12.7931329856891
76.9850662350318,-10.8469547289475
76.7698084210783,-8.89985549218272
76.5543970614341,-6.95184518613479
76.3388392915925,-5.00293375123749
76.1231422060136,-3.05313115825209
75.9073128580152,-1.10244740888737
75.6913582596732,0.849107463545749
75.4752853817225,2.80152339350565
75.2591011534621,4.7547902825894
75.0428124626622,6.70889799888113
74.8264261554772,8.66383637632288
74.6099490363575,10.6195952140787
74.3933878679691,12.5761642758845
74.1767493711133,14.5335332894172
73.9600402246505,16.4916919456522
73.743267065427,18.4506298982228
73.5264364882054,20.4103367627774
73.3095550455971,22.3708021163417
73.0926292479985,24.3320154966768
72.8756655635297,26.2939664016366
72.6586704179773,28.2566442885253
72.4416501947395,30.2200385734642
72.2246112347728,32.184138630735
72.0075598365454,34.1489337921519
71.7905022559881,36.1144133464142
71.573444706454,38.0805665384653
71.3563933586763,40.0473825688502
71.139354340732,42.0148505930783
70.922333738007,43.9829597209816
70.7053375931652,45.9516990160644
70.4883719061171,47.9210574948823
70.2714426339972,49.8910241263865
70.0545556911387,51.8615878312855
69.837716949053,53.8327374814174
69.6209322364123,55.8044618990977
69.4042073390351,57.7767498564917
69.1875479998723,59.7495900749668
68.9709599189992,61.7229712244738
68.7544487536074,63.6968819228854
68.5380201180006,65.671310735388
68.3216795835931,67.6462461738227
68.1054326789101,69.6216766960716
67.8892848895919,71.597590705415
67.6732416583988,73.573976549899
67.4573083852208,75.5508225217109
67.2414904270863,77.5281168565469
67.0257930981787,79.5058477329829
66.8102216698503,81.4840032718436
66.5947813706405,83.4625715355877
66.3794773862983,85.4415405276697
66.1643148598027,87.4208981919264
65.9492988913913,89.4006324119519
65.7344345385875,91.3807310104733
65.5197268162281,93.3611817487342
65.3051806964998,95.3419723258837
65.0908011089712,97.3230903783494
64.8765929406319,99.3045234792261
64.6625610359303,101.286259137673
64.4487101968165,103.268284798284
64.2350451827857,105.250587840502
64.021570710924,107.233155577993
63.8082914559563,109.215975258044
63.5952120502986,111.199034060971
63.3823370841076,113.182319099508
63.1696711053379,115.165817418205
62.9572186197963,117.149515992845
62.7449840912027,119.133401729838
62.5329719412494,121.117461465624
62.3211865496642,123.101681966104
62.1096322542758,125.086049926033
61.8983133510793,127.070551968438
61.6872340943057,129.055174644043
61.4763986964924,131.039904430683
61.2658113285554,133.02472773273
61.0554761198643,135.009630880521
60.8453971583173,136.994600129774
60.635578490421,138.979621661036
60.4260241213682,140.964681579105
60.2167380151219,142.949765912471
60.0077240944963,144.934860612757
59.7989862412441,146.919951554165
59.5905282961421,148.905024532911
59.3823540590805,150.890065266687
59.1744672891528,152.875059394112
58.966871704748,154.859992474184
58.7595709836436,156.844849985739
58.5525687631027,158.829617326923
58.3458686399684,160.814279814644
58.1394741707627,162.798822684061
57.9333888717891,164.783231088044
57.72761621923,166.767490096659
57.5221596492528,168.751584696645
57.3170225581129,170.735499790904
57.1122083022605,172.719220197991
56.9077201984469,174.702730651608
56.7035615238348,176.686015800094
56.4997355161069,178.669060205941
56.2962453735789,180.65184834529
56.0930942553118,182.634364607445
55.8902852812263,184.616593294389
55.6878215322183,186.598518620308
55.485706050276,188.580124711105
55.2839418385987,190.561395603934
55.0825318617145,192.542315246744
54.8814790456036,194.522867497797
54.6807862778176,196.503036125231
54.4804564076045,198.482804806598
54.2804922460316,200.462157128419
54.0808965661126,202.441076585744
53.8816721029323,204.41954658171
53.6828215537758,206.397550427125
53.4843475782562,208.37507134002
53.2862527984451,210.352092445253
53.0885397990033,212.328596774069
52.8912111273131,214.304567263714
52.6942692936098,216.279986757016
52.4977167711179,218.254838001992
52.3015559961844,220.229103651457
52.1057893684145,222.202766262635
51.9104192508097,224.175808296779
51.715447969905,226.148212118797
51.5208778159062,228.119959996892
51.3267110428311,230.091034102181
51.1329498686495,232.061416508356
50.9395964754231,234.031089191328
50.7466530094495,236.000034028887
50.5541215814028,237.968232800361
50.3620042664786,239.935667186289
50.1703031045384,241.902318768094
49.979020100254,243.868169027774
49.788157223253,245.833199347587
49.5977164082659,247.797391009744
49.4076995552736,249.760725196123
49.2181085296546,251.723182987977
49.0289451623329,253.684745365642
48.8402112499287,255.645393208278
48.651908554907,257.605107293597
48.4640388057282,259.563868297592
48.2766036969989,261.521656794304
48.0896048896234,263.478453255562
47.903044010956,265.434238050751
47.7169226549527,267.388991446588
47.5312423823255,269.342693606891
47.3460047206947,271.295324592371
47.1612111647438,273.246864360427
46.976863176373,275.197292764946
46.7929621848552,277.146589556114
46.6095095869908,279.094734380236
46.4265067472624,281.041706779561
46.2439549979929,282.987486192119
46.0618556395006,284.932051951567
45.8802099402563,286.875383287034
45.6990191370405,288.817459322993
45.5182844351016,290.758259079121
45.3380070083119,292.697761470183
45.1581879993273,294.635945305919
44.9788285197461,296.572789290935
44.7999296502653,298.508272024622
44.6214924408422,300.442372001052
44.4435179108515,302.375067608916
44.2660070492455,304.306337131453
44.0889608147138,306.23615874639
43.9123801358423,308.164510525896
43.7362659112737,310.091370436546
43.5606190098675,312.016716339284
43.3854402708597,313.940525989414
43.2107305040235,315.862777036583
43.0364904898298,317.783447024784
42.8627209796076,319.702513392365
42.6894226957039,321.619953472055
42.5165963316461,323.535744490983
42.3442425523006,325.449863570728
42.1723619940354,327.362287727368
42.0009552648794,329.27299387154
41.830022944685,331.181958808509
41.6595655852865,333.089159238254
41.4895837106635,334.994571755558
41.3200778170995,336.898172850112
41.151048373344,338.79993890663
40.982495820773,340.699846204972
40.8144205735492,342.597870920274
40.6468230187826,344.49398912311
40.4797035166912,346.388176779632
40.3130624007618,348.280409751749
40.1468999779093,350.170663797302
39.9812165286376,352.058914570256
39.8160123071991,353.945137620902
39.6512875417553,355.829308396073
39.4870424345354,357.711402239364
39.323277161997,359.591394391372
39.1599918749845,361.469259989941
