-0,0.578295975811787,0.0224956078524376,-0.597235823404187,1.02101761241668,0.578295975811787,1.19336898426448,0.597235823404187
-0.012855858401255,0.571791045571166,0.0102096264488015,-0.602619303319807,1.02093667373145,0.571791045571166,1.19536721699571,0.602619303319808
-0.0257096785687637,0.565163276337308,-0.00206748130184495,-0.607943536381585,1.02069387050817,0.565163276337308,1.19717311866177,0.607943536381585
-0.0385594225919319,0.558413785145074,-0.0143337905167673,-0.613208007801769,1.02028924124213,0.558413785145074,1.19878640873155,0.613208007801769
-0.0514030532064183,0.551543728505055,-0.0265873846032497,-0.618412193322102,1.01972285008532,0.551543728505055,1.20020683897413,0.618412193322103
-0.0642385341171325,0.544554302098817,-0.0388263555228821,-0.623555559084729,1.01899478683629,0.544554302098817,1.20143419348753,0.623555559084729
-0.0770638303210803,0.537446740456033,-0.0510488040506174,-0.628637561509404,1.01810516692595,0.537446740456033,1.2024682887213,0.628637561509404
-0.0898769084300028,0.530222316613808,-0.0632528400286286,-0.633657647177333,1.01705413139917,0.530222316613808,1.20330897349295,0.633657647177334
-0.102675736992761,0.522882341758499,-0.0754365826150141,-0.638615252721994,1.01584184689254,0.522882341758499,1.20395612899829,0.638615252721994
-0.115458286817412,0.515428164850336,-0.087598160527392,-0.643509804727264,1.01446850560786,0.515428164850336,1.20440966881558,0.643509804727265
-0.128222531292926,0.507861172231169,-0.099735712281428,-0.648340719633298,1.0129343252817,0.507861172231169,1.20466953890372,0.648340719633298
-0.140966446710501,0.500182787215661,-0.111847386424345,-0.6531074036504,1.01123954915088,0.500182787215661,1.20473571759423,0.6531074036504
-0.153688012584403,0.492394469666246,-0.123931341763465,-0.657809252681376,1.0093844459139,0.492394469666246,1.20460821557735,0.657809252681377
-0.166385211972314,0.484497715552191,-0.135985747589825,-0.662445652252704,1.00736930968835,0.484497715552191,1.20428707588198,0.662445652252705
-0.179056031795101,0.476494056493099,-0.148008783896926,-0.667015977454856,1.00519445996427,0.476494056493099,1.20377237384973,0.667015977454857
-0.191698463155983,0.468385059287174,-0.159998641594668,-0.671519592892222,1.00286024155348,0.468385059287174,1.20306421710296,0.671519592892223
-0.204310501659031,0.460172325424608,-0.171953522718508,-0.675955852642998,1.00036702453494,0.460172325424608,1.20216274550696,0.675955852642998
-0.216890147726959,0.451857490586414,-0.183871640633916,-0.680324100229391,0.997715204196088,0.451857490586414,1.2010681311261,0.680324100229391
-0.229435406918138,0.443442224129062,-0.195751220236165,-0.684623668598583,0.994905200970108,0.443442224129062,1.19978057817425,0.684623668598584
-0.241944290242816,0.434928228555256,-0.207590498145518,-0.688853880114775,0.991937460369334,0.434928228555256,1.19830032295924,0.688853880114776
-0.254414814478454,0.426317238971198,-0.219387722897868,-0.693014046562738,0.988812452914584,0.426317238971198,1.19662763382162,0.693014046562738
-0.266845002484163,0.417611022530685,-0.231141155130871,-0.697103469163232,0.985530674060575,0.417611022530685,1.19476281106754,0.697103469163233
-0.279232883514163,0.408811377866384,-0.242849067765652,-0.701121438600656,0.982092644117361,0.408811377866384,1.19270618689595,0.701121438600656
-0.291576493530243,0.399920134508639,-0.254509746184108,-0.705067235063309,0.978498908167848,0.399920134508639,1.19045812532007,0.70506723506331
-0.303873875513143,0.390939152292141,-0.266121488401893,-0.708940128296612,0.974750035981372,0.390939152292141,1.18801902208319,0.708940128296612
-0.316123079772833,0.381870320750817,-0.277682605237113,-0.712739377669669,0.970846621923361,0.381870320750817,1.18538930456881,0.712739377669669
-0.328322164257627,0.372715558501276,-0.289191420474801,-0.716464232255481,0.966789284861107,0.372715558501276,1.18256943170522,0.716464232255482
-0.340469194862085,0.36347681261515,-0.30064627102722,-0.720113930925144,0.962578668065643,0.36347681261515,1.17955989386446,0.720113930925144
-0.352562245733656,0.354156057980684,-0.312045507090045,-0.723687702456397,0.958215439109757,0.354156057980684,1.17636121275578,0.723687702456397
-0.364599399578014,0.344755296653888,-0.323387492294486,-0.727184765656797,0.953700289762153,0.344755296653888,1.17297394131359,0.727184765656798
-0.376578747963031,0.335276557199618,-0.334670603855383,-0.730604329501813,0.949033935877774,0.335276557199618,1.16939866357998,0.730604329501814
-0.388498391621358,0.325721894022888,-0.345893232715352,-0.73394559328817,0.944217117284304,0.325721894022888,1.16563599458178,0.733945593288171
-0.400356440751536,0.31609338669077,-0.357053783685008,-0.737207746802658,0.939250597664875,0.31609338669077,1.16168658020231,0.737207746802659
-0.41215101531762,0.306393139245188,-0.368150675579332,-0.740389970506694,0.934135164436988,0.306393139245188,1.1575510970477,0.740389970506694
-0.423880245347247,0.296623279506952,-0.379182341350213,-0.743491435736872,0.92887162862767,0.296623279506952,1.15323025230799,0.743491435736872
-0.435542271228114,0.286785958371334,-0.390147228215236,-0.746511304921704,0.923460824744894,0.286785958371334,1.14872478361294,0.746511304921704
-0.447135244002807,0.276883349095523,-0.401043797782745,-0.749448731814783,0.917903610645264,0.276883349095523,1.14403545888263,0.749448731814784
-0.458657325661946,0.266917646578265,-0.411870526173229,-0.75230286174449,0.912200867398017,0.266917646578265,1.13916307617288,0.75230286174449
-0.470106689435592,0.256891066631999,-0.422625904137088,-0.755072831880494,0.906353499145323,0.256891066631999,1.13410846351553,0.755072831880495
-0.481481520082873,0.246805845247811,-0.433308437168814,-0.757757771517083,0.900362432958945,0.246805845247811,1.12887247875366,0.757757771517083
-0.49278001417978,0.236664237853495,-0.443916645617631,-0.760356802373537,0.894228618693251,0.236664237853495,1.1234560093717,0.760356802373537
-0.504000380405095,0.226468518565042,-0.454449064794642,-0.762869038911535,0.887953028834624,0.226468518565042,1.11785997232064,0.762869038911535
-0.515140839824392,0.216220979431842,-0.46490424507652,-0.765293588669775,0.881536658347277,0.216220979431842,1.11208531383815,0.765293588669776
-0.526199626172078,0.205923929675907,-0.475280752005791,-0.767629552615753,0.874980524515505,0.205923929675907,1.10613300926386,0.767629552615753
-0.537174986131432,0.195579694925399,-0.485577166387735,-0.769876025514755,0.868285666782401,0.195579694925399,1.10000406284978,0.769876025514756
-0.548065179612577,0.185190616442761,-0.49579208438397,-0.772032096316102,0.861453146585058,0.185190616442761,1.09369950756584,0.772032096316103
-0.558868480028369,0.174759050347734,-0.505924117602727,-0.774096848556519,0.85448404718628,0.174759050347734,1.08722040490069,0.77409684855652
-0.569583174568133,0.164287366835546,-0.515971893185879,-0.776069360780627,0.84737947350284,0.164287366835546,1.08056784465771,0.776069360780627
-0.580207564469229,0.153777949390547,-0.525934053892749,-0.777948706978481,0.8401405519303,0.153777949390547,1.07374294474638,0.777948706978481
-0.590739965286373,0.143233193995585,-0.535809258180741,-0.779733957039973,0.832768430164424,0.143233193995585,1.066746850969,0.779733957039974
-0.601178707158705,0.132655508337378,-0.545596180282812,-0.781424177226017,0.825264277019217,0.132655508337378,1.05958073680279,0.781424177226018
-0.611522135074534,0.122047311008169,-0.555293510281859,-0.783018430656309,0.81762928224162,0.122047311008169,1.05224580317744,0.78301843065631
-0.621768609133733,0.111411030703931,-0.564899954182008,-0.784515777813467,0.809864656322874,0.111411030703931,1.04474327824815,0.784515777813468
-0.631916504807735,0.100749105419384,-0.574414233976873,-0.785915277063301,0.801971630306609,0.100749105419384,1.03707441716428,0.785915277063301
-0.641964213197099,0.0900639816401037,-0.583835087714817,-0.787215985190989,0.793951455593661,0.0900639816401037,1.02924050183349,0.78721598519099
-0.651910141286587,0.0793581135319634,-0.593161269561224,-0.788416957952839,0.785805403743678,0.0793581135319634,1.02124284068161,0.788416957952839
-0.661752712197735,0.0686339621281965,-0.602391549857849,-0.789517250643313,0.777534766273513,0.0686339621281965,1.01308276840817,0.789517250643314
-0.671490365438853,0.0578939945143184,-0.611524715179256,-0.790515918677006,0.769140854452459,0.0578939945143184,1.00476164573765,0.790515918677006
-0.68112155715244,0.0471406830111784,-0.62055956838638,-0.791412018185139,0.760624999094362,0.0471406830111784,0.996280859166591,0.791412018185139
-0.690644760359949,0.0363765043563945,-0.629494928677264,-0.792204606626235,0.75198855034662,0.0363765043563945,0.987641820706453,0.792204606626235
-0.700058465203887,0.0256039388844242,-0.638329631634972,-0.792892743410486,0.743232877476126,0.0256039388844242,0.978845967622473,0.792892743410486
-0.709361179187191,0.0148254697055318,-0.647062529272749,-0.793475490537383,0.734359368652176,0.0148254697055318,0.9698947621684,0.793475490537384
-0.71855142740986,0.00404358188390223,-0.655692490076421,-0.793951913246129,0.725369430726382,0.00404358188390223,0.960789691317264,0.793951913246129
-0.727627752802792,-0.00673923838484592,-0.66421839904411,-0.794321080678284,0.716264489009627,-0.00673923838484592,0.951532266488197,0.794321080678285
-0.736588716358794,-0.0175205045964939,-0.672639157723256,-0.794582066552167,0.707045987046082,-0.0175205045964939,0.942124023269349,0.794582066552167
-0.74543289736073,-0.0282977307611506,-0.680953684245017,-0.794733949848385,0.697715386384341,-0.0282977307611506,0.932566521136992,0.794733949848386
-0.754158893606771,-0.0390684322260221,-0.689160913356058,-0.794775815505977,0.688274166345704,-0.0390684322260221,0.92286134317082,0.794775815505978
-0.762765321632705,-0.0498301264977725,-0.697259796447764,-0.79470675512849,0.678723823789633,-0.0498301264977725,0.91301009576554,0.794706755128491
-0.771250816931277,-0.0605803340642214,-0.705249301582928,-0.794525867699426,0.669065872876432,-0.0605803340642214,0.903014408338789,0.794525867699427
-0.77961403416853,-0.0713165792151239,-0.71312841351994,-0.794232260306359,0.659301844827189,-0.0713165792151239,0.892875933035436,0.79423226030636
-0.787853647397095,-0.0820363908617819,-0.720896133734507,-0.793825048873094,0.649433287681003,-0.0820363908617819,0.882596344428338,0.793825048873094
-0.795968350266421,-0.0927373033552308,-0.72855148043895,-0.793303358899133,0.639461766049555,-0.0927373033552308,0.872177339215593,0.793303358899133
-0.803956856229882,-0.103416857302742,-0.736093488599124,-0.792666326205806,0.62938886086904,-0.103416857302742,0.861620635914365,0.792666326205806
-0.811817898748759,-0.114072600382393,-0.743521209948978,-0.791913097688274,0.619216169149525,-0.114072600382393,0.85092797455132,0.791913097688275
-0.819550231493041,-0.124702088155432,-0.75083371300281,-0.791042832072744,0.608945303721744,-0.124702088155432,0.84010111634976,0.791042832072745
-0.827152628539024,-0.135302884876195,-0.758030083065262,-0.790054700678066,0.598577892981395,-0.135302884876195,0.829141843413492,0.790054700678067
-0.834623884563679,-0.145872564299293,-0.765109422239084,-0.788947888181046,0.588115580630965,-0.145872564299293,0.818051958407508,0.788947888181047
-0.841962815035745,-0.156408710483827,-0.772070849430719,-0.7877215933846,0.577560025419132,-0.156408710483827,0.806833284235533,0.787721593384601
-0.849168256403532,-0.166908918594343,-0.778913500353746,-0.786375029988078,0.56691290087777,-0.166908918594343,0.795487663714503,0.786375029988078
-0.856239066279401,-0.177370795698273,-0.785636527530239,-0.784907427358871,0.556175895056629,-0.177370795698273,0.784016959246044,0.784907427358871
-0.863174123620877,-0.187791961559586,-0.792239100290077,-0.783318031304598,0.545350710255698,-0.187791961559586,0.772423052485011,0.783318031304598
-0.86997232890839,-0.198170049428379,-0.798720404768255,-0.781606104844991,0.53443906275531,-0.198170049428379,0.76070784400515,0.781606104844991
-0.876632604319598,-0.208502706826124,-0.805079643900253,-0.779770928982761,0.523442682544043,-0.208502706826124,0.748873252961956,0.779770928982761
-0.883153893900265,-0.218787596326301,-0.811316037415509,-0.777811803472583,0.512363313044429,-0.218787596326301,0.736921216752791,0.777811803472583
-0.889535163731685,-0.229022396330129,-0.817428821829042,-0.775728047587423,0.501202710836551,-0.229022396330129,0.724853690674326,0.775728047587423
-0.895775402094602,-0.239204801837111,-0.823417250431294,-0.773519000881434,0.489962645379541,-0.239204801837111,0.712672647577383,0.773519000881434
-0.90187361962961,-0.249332525210113,-0.829280593276238,-0.771184023948561,0.478644898731042,-0.249332525210113,0.700380077519242,0.771184023948561
-0.907828849494015,-0.259403296934672,-0.835018137167798,-0.768722499176153,0.467251265264672,-0.259403296934672,0.687977987413474,0.768722499176153
-0.913640147515122,-0.269414866372249,-0.840629185644672,-0.766133831492706,0.455783551385535,-0.269414866372249,0.675468400677397,0.766133831492706
-0.919306592339928,-0.279365002507128,-0.846113058963577,-0.763417449109061,0.444243575243821,-0.279365002507128,0.662853356877191,0.763417449109062
-0.924827285581201,-0.289251494686658,-0.851469094081016,-0.760572804252205,0.432633166446554,-0.289251494686658,0.650134911370774,0.760572804252205
-0.930201351959909,-0.299072153354532,-0.856696644633602,-0.757599373890963,0.42095416576751,-0.299072153354532,0.637315134948494,0.757599373890964
-0.935427939444,-0.308824810776806,-0.861795080917021,-0.754496660452863,0.409208424855374,-0.308824810776806,0.624396113471725,0.754496660452864
-0.940506219383478,-0.318507321760335,-0.866763789863696,-0.751264192531382,0.39739780594017,-0.318507321760335,0.61137994750942,0.751264192531383
-0.945435386641789,-0.328117564363315,-0.871602175019227,-0.747901525582925,0.385524181538013,-0.328117564363315,0.598268751972724,0.747901525582926
-0.950214659723467,-0.337653440597625,-0.876309656517656,-0.744408242612803,0.373589434154233,-0.337653440597625,0.585064655747698,0.744408242612804
-0.954843280898037,-0.347112877122633,-0.880885671055656,-0.740783954849556,0.36159545598491,-0.347112877122633,0.571769801326245,0.740783954849556
-0.959320516320154,-0.356493825930153,-0.885329671865709,-0.737028302406933,0.349544148616876,-0.356493825930153,0.558386344435306,0.737028302406934
-0.963645656145942,-0.365794265020229,-0.889641128688332,-0.733140954932918,0.337437422726229,-0.365794265020229,0.544916453664418,0.733140954932918
-0.967818014645545,-0.375012199067405,-0.89381952774345,-0.729121612245182,0.325277197775404,-0.375012199067405,0.531362310091694,0.729121612245182
-0.97183693031184,-0.384145660077162,-0.897864371700982,-0.724970004952337,0.31306540170885,-0.384145660077162,0.517726106908313,0.724970004952337
-0.975701765965319,-0.393192708032186,-0.901775179650726,-0.720685895060458,0.300803970647367,-0.393192708032186,0.504010049041608,0.720685895060459
-0.979411908855108,-0.402151431528125,-0.905551487071607,-0.716269076564282,0.288494848581143,-0.402151431528125,0.490216352776813,0.716269076564283
-0.982966770756121,-0.4110199483985,-0.909192845800402,-0.711719376022607,0.276139987061538,-0.4110199483985,0.47634724537757,0.711719376022608
-0.986365788062314,-0.419796406328431,-0.912698823999995,-0.707036653117351,0.263741344891683,-0.419796406328431,0.462404964705257,0.707036653117351
-0.989608421876044,-0.428478983456838,-0.916069006127261,-0.702220801195802,0.251300887815919,-0.428478983456838,0.448391758837241,0.702220801195802
-0.992694158093511,-0.437065888966764,-0.919302992900665,-0.697271747795647,0.238820588208133,-0.437065888966764,0.434309885684121,0.697271747795647
-0.995622507486264,-0.445555363663489,-0.922400401267656,-0.692189455152308,0.226302424759054,-0.445555363663489,0.420161612606044,0.692189455152309
-0.998393005778767,-0.453945680540078,-0.925360864371956,-0.686973920688237,0.213748382162539,-0.453945680540078,0.405949216028191,0.686973920688237
-1.00100521372201,-0.462235145330026,-0.928184031520821,-0.681625177483759,0.201160450800907,-0.462235145330026,0.391674981055503,0.681625177483759
-1.00345871716313,-0.470422097046647,-0.930869568152362,-0.67614329472918,0.188540626429377,-0.470422097046647,0.377341201086737,0.67614329472918
-1.00575312711113,-0.478504908508867,-0.933417155803034,-0.670528378157794,0.175890909859649,-0.478504908508867,0.362950177427929,0.670528378157794
-1.00788807979846,-0.48648198685307,-0.93582649207536,-0.664780570459543,0.163213306642687,-0.48648198685307,0.348504218905363,0.664780570459544
-1.00986323673878,-0.494351774030657,-0.938097290605999,-0.658900051675054,0.150509826750744,-0.494351774030657,0.334005641478107,0.658900051675054
-1.01167828478057,-0.502112747290975,-0.94022928103424,-0.652887039569851,0.137782484258697,-0.502112747290975,0.319456767850231,0.652887039569851
-1.01333293615681,-0.509763419649268,-0.942222208971015,-0.646741789988511,0.12503329702472,-0.509763419649268,0.304859927082756,0.646741789988511
-1.01482692853058,-0.517302340339323,-0.944075835968524,-0.640464597188618,0.112264286370366,-0.517302340339323,0.290217454205453,0.640464597188618
-1.01616002503666,-0.524728095250462,-0.945789939490564,-0.634055794154362,0.0994774767600934,-0.524728095250462,0.275531689828553,0.634055794154362
-1.01733201431909,-0.532039307348554,-0.947364312883645,-0.62751575288966,0.0866748954802985,-0.532039307348554,0.260804979754462,0.62751575288966
-1.01834271056468,-0.539234637080719,-0.948798765348998,-0.62084488469071,0.0738585723179,-0.539234637080719,0.246039674589566,0.62084488469071
-1.01919195353246,-0.546312782763386,-0.950093121915544,-0.614043640397933,0.0610305392385243,-0.546312782763386,0.231238129356204,0.614043640397933
-1.0198796085791,-0.553272480953409,-0.951247223413939,-0.607112510627222,0.0481928300643478,-0.553272480953409,0.216402703104903,0.607112510627223
-1.02040556668023,-0.560112506801891,-0.952260926451751,-0.600052025980515,0.0353474801516463,-0.560112506801891,0.201535758526954,0.600052025980515
-1.02076974444775,-0.566831674390446,-0.953134103389891,-0.592862757235702,0.0224965260680959,-0.566831674390446,0.186639661567404,0.592862757235702
-1.02097208414307,-0.573428837049557,-0.953866642320351,-0.585545315515877,0.00964200526988686,-0.573428837049557,0.171716781038564,0.585545315515877
-1.0210125536862,-0.579902887658765,-0.954458447045354,-0.578100352438002,-0.00321404422130451,-0.579902887658765,0.156769488234104,0.578100352438002
-1.02089114666089,-0.586252758928381,-0.954909437057985,-0.570528560241062,-0.0160695841414363,-0.586252758928381,0.14180015654382,0.570528560241062
-1.02060788231564,-0.592477423662445,-0.955219547524401,-0.562830671893809,-0.0289225763072548,-0.592477423662445,0.126811161069157,0.562830671893809
-1.02016280556063,-0.598575895002671,-0.955388729267663,-0.555007461182199,-0.0417709829394421,-0.598575895002671,0.111804878239559,0.555007461182199
-1.01955598696061,-0.604547226653095,-0.955416948753318,-0.54705974277668,-0.0546127669856937,-0.604547226653095,0.0967836854297507,0.54705974277668
-1.01878752272372,-0.610390513085188,-0.955304188076744,-0.538988372279477,-0.0674458924436833,-0.610390513085188,0.0817499605779963,0.538988372279477
-1.01785753468622,-0.616104889723196,-0.955050444952381,-0.530794246252026,-0.0802683246838629,-0.616104889723196,0.0667060818054443,0.530794246252026
-1.01676617029318,-0.621689533109459,-0.954655732704879,-0.52247830222279,-0.0930780307720404,-0.621689533109459,0.0516544270366211,0.522478302222791
-1.01551360257512,-0.627143661049501,-0.954120080262251,-0.514041518675628,-0.105872979791694,-0.627143661049501,0.0365973736211499,0.514041518675628
-1.01410003012054,-0.632466532736693,-0.953443532151073,-0.505484915018923,-0.118651143165965,-0.632466532736693,0.0215372979567789,0.505484915018923
-1.01252567704447,-0.637657448856274,-0.952626148493802,-0.496809551535755,-0.131410494979273,-0.637657448856274,0.00647657511378859,0.496809551535755
-1.01079079295294,-0.64271575166857,-0.951668005008262,-0.488016529315303,-0.144149012298522,-0.64271575166857,-0.00858242153915029,0.488016529315303
-1.00889565290335,-0.64764082507123,-0.950569193009342,-0.479106990165758,-0.156864675493824,-0.64764082507123,-0.0236373207075883,0.479106990165758
-1.00684055736095,-0.652432094640348,-0.949329819412963,-0.470082116509027,-0.169555468558699,-0.652432094640348,-0.0386857535423143,0.470082116509027
-1.00462583215111,-0.657089027650308,-0.947950006742341,-0.460943131257453,-0.182219379429706,-0.657089027650308,-0.0537253540087043,0.460943131257454
-1.00225182840775,-0.661611133072264,-0.946429893136598,-0.451691297672896,-0.194854400305445,-0.661611133072264,-0.0687537592543319,0.451691297672896
-0.999718922517578,-0.665997961551125,-0.94476963236174,-0.442327919208407,-0.207458527964884,-0.665997961551125,-0.0837686099747777,0.442327919208407
-0.997027516060505,-0.670249105360976,-0.942969393824036,-0.432854339332819,-0.220029764084961,-0.670249105360976,-0.098767550777568,0.43285433933282
-0.994178035745914,-0.674364198338864,-0.941029362585825,-0.423271941338555,-0.232566115557404,-0.674364198338864,-0.113748230544178,0.423271941338555
-0.991170933345033,-0.678342915796892,-0.938949739383752,-0.413582148132931,-0.245065594804737,-0.678342915796892,-0.128708302790043,0.413582148132931
-0.988006685619304,-0.682184974412603,-0.936730740649468,-0.403786422013295,-0.257526220095392,-0.682184974412603,-0.143645426022508,0.403786422013295
-0.984685794244797,-0.685890132097624,-0.934372598532777,-0.393886264426275,-0.269946015857908,-0.685890132097624,-0.158557264096662,0.393886264426275
-0.981208785732665,-0.689458187844599,-0.931875560927245,-0.383883215711466,-0.282323012994146,-0.689458187844599,-0.173441486569,0.383883215711466
-0.977576211345678,-0.692888981552414,-0.929239891498266,-0.37377885482986,-0.294655249191482,-0.692888981552414,-0.188295769048851,0.37377885482986
-0.973788647010814,-0.696182393829787,-0.926465869713567,-0.363574799077316,-0.306940769233921,-0.696182393829787,-0.203117793547523,0.363574799077316
-0.969846693227956,-0.69933834577727,-0.923553790876136,-0.353272703783389,-0.319177625312085,-0.69933834577727,-0.217905248825117,0.353272703783389
-0.96575097497468,-0.70235679874776,-0.92050396615956,-0.342874261995808,-0.331363877332032,-0.70235679874776,-0.232655830734944,0.342874261995808
-0.96150214160717,-0.705237754085636,-0.917316722645728,-0.332381204150916,-0.343497593222847,-0.705237754085636,-0.247367242565521,0.332381204150916
-0.957100866757267,-0.707981252844642,-0.913992403364879,-0.321795297730351,-0.355576849242963,-0.707981252844642,-0.262037195380068,0.321795297730351
-0.952547848225664,-0.710587375484674,-0.910531367337944,-0.311118346904274,-0.367599730285157,-0.710587375484674,-0.276663408353501,0.311118346904274
-0.94784380787128,-0.713056241547653,-0.906933989621132,-0.300352192161412,-0.37956433018019,-0.713056241547653,-0.291243609106838,0.300352192161412
-0.942989491496804,-0.715388009312665,-0.903200661352718,-0.289498709926211,-0.391468751999009,-0.715388009312665,-0.305775534039007,0.289498709926211
-0.937985668730461,-0.71758287543061,-0.899331789801954,-0.278559812163355,-0.403311108353507,-0.71758287543061,-0.320256928656008,0.278559812163355
-0.932833132903981,-0.719641074538571,-0.895327798420053,-0.267537445969922,-0.41508952169575,-0.719641074538571,-0.334685547897387,0.267537445969922
-0.927532700926831,-0.721562878854201,-0.891189126893161,-0.25643359315544,-0.42680212461566,-0.721562878854201,-0.349059156459998,0.25643359315544
-0.922085213156688,-0.723348597750383,-0.886916231197237,-0.245250269810072,-0.43844706013708,-0.723348597750383,-0.363375529119017,0.245250269810072
-0.916491533266212,-0.724998577310487,-0.882509583654762,-0.233989525861176,-0.45002248201219,-0.724998577310487,-0.377632451046169,0.233989525861176
-0.910752548106109,-0.726513199864546,-0.877969672993177,-0.222653444618486,-0.461526555014219,-0.726513199864546,-0.391827718125163,0.222653444618486
-0.904869167564531,-0.727892883506712,-0.873297004404947,-0.2112441423081,-0.472957455228413,-0.727892883506712,-0.40595913726428,0.2112441423081
-0.898842324422812,-0.729138081594341,-0.868492099609161,-0.19976376759551,-0.484313370341208,-0.729138081594341,-0.420024526706114,0.19976376759551
-0.892672974207584,-0.73024928222913,-0.863555496914534,-0.188214501097863,-0.495592499927561,-0.73024928222913,-0.434021716334432,0.188214501097863
-0.886362095039281,-0.731227007720694,-0.858487751283711,-0.176598554885637,-0.506793055736402,-0.731227007720694,-0.44794854797814,0.176598554885637
-0.879910687477064,-0.732071814033032,-0.85328943439874,-0.164918171973918,-0.51791326197415,-0.732071814033032,-0.461802875712326,0.164918171973918
-0.873319774360185,-0.732784290214333,-0.847961134727588,-0.153175625803433,-0.528951355586257,-0.732784290214333,-0.475582566156381,0.153175625803433
-0.866590400645824,-0.733365057810589,-0.842503457591562,-0.141373219711498,-0.539905586536733,-0.733365057810589,-0.48928549876917,0.141373219711498
-0.859723633243414,-0.733814770263521,-0.83691702523349,-0.129513286393034,-0.550774218085603,-0.733814770263521,-0.502909566141247,0.129513286393034
-0.852720560845488,-0.734134112293312,-0.831202476886535,-0.117598187351755,-0.561555527064261,-0.734134112293312,-0.516452674284108,0.117598187351756
-0.845582293755072,-0.734323799266695,-0.825360468843454,-0.10563031234169,-0.57224780414867,-0.734323799266695,-0.529912742916459,0.10563031234169
-0.838309963709653,-0.734384576550928,-0.819391674526193,-0.0936120787991005,-0.582849354130365,-0.734384576550928,-0.543287705747517,0.0936120787991005
-0.830904723701746,-0.734317218854221,-0.813296784555605,-0.0815459312649295,-0.593358496185223,-0.734317218854221,-0.556575510757313,0.0815459312649295
-0.823367747796093,-0.734122529553204,-0.807076506821176,-0.0694343407978519,-0.603773564139945,-0.734122529553204,-0.569774120474009,0.069434340797852
-0.815700230943522,-0.73380134000802,-0.80073156655055,-0.0572798043779951,-0.614092906736227,-0.73380134000802,-0.582881512248232,0.0572798043779952
-0.807903388791492,-0.733354508865646,-0.794262706378695,-0.0450848443014086,-0.624314887892549,-0.733354508865646,-0.595895678524409,0.0450848443014086
-0.799978457491359,-0.732782921352087,-0.787670686416539,-0.032852007565329,-0.634437886963578,-0.732782921352087,-0.608814627109114,0.032852007565329
-0.791926693502388,-0.732087488554051,-0.780956284318877,-0.0205838652442745,-0.644460298997106,-0.732087488554051,-0.621636381436441,0.0205838652442745
-0.783749373392551,-0.731269146690763,-0.774120295351384,-0.00828301185702145,-0.654380534988509,-0.731269146690763,-0.634358980830377,0.00828301185702145
-0.77544779363613,-0.730328856376582,-0.767163532456532,0.00404793527553743,-0.664197022132681,-0.730328856376582,-0.646980480764218,-0.00404793527553741
-0.767023270408172,-0.729267601875071,-0.760086826318229,0.0164063366816229,-0.673908204073385,-0.729267601875071,-0.659498953117008,-0.0164063366816228
-0.758477139375809,-0.728086390345215,-0.752891025424981,0.0287895313988971,-0.683512541150017,-0.728086390345215,-0.671912486427016,-0.0287895313988971
-0.749810755486499,-0.726786251080452,-0.745576996131398,0.0411948376438853,-0.693008510641701,-0.726786251080452,-0.684219186142265,-0.0411948376438853
-0.741025492753207,-0.725368234741224,-0.738145622717827,0.053619553490515,-0.702394607008717,-0.725368234741224,-0.696417174868122,-0.053619553490515
-0.732122744036557,-0.723833412581733,-0.730597807447936,0.0660609575577873,-0.711669342131193,-0.723833412581733,-0.708504592611953,-0.0660609575577873
-0.723103920824006,-0.722182875671612,-0.722934470624029,0.0785163097066234,-0.720831245545039,-0.722182875671612,-0.720479597024865,-0.0785163097066234
-0.713970453006056,-0.720417734113209,-0.715156550639925,0.090982851745908,-0.729878864675084,-0.720417734113209,-0.732340363640535,-0.090982851745908
-0.704723788649553,-0.718539116255197,-0.707265004031159,0.103457808147793,-0.738810765065374,-0.718539116255197,-0.744085086111153,-0.103457808147793
-0.695365393768102,-0.716548167903215,-0.699260805522354,0.115938386772302,-0.747625530606597,-0.716548167903215,-0.755711976440485,-0.115938386772302
-0.685896752089641,-0.714446051528261,-0.691144948071527,0.12842177960129,-0.7563217637606,-0.714446051528261,-0.767219265214068,-0.12842177960129
-0.676319364821198,-0.712233945473529,-0.682918442911154,0.140905163481843,-0.764898085781965,-0.712233945473529,-0.778605201826556,-0.140905163481843
-0.666634750410887,-0.709913043160416,-0.674582319585782,0.153385700879154,-0.773353136936599,-0.709913043160416,-0.789868054706231,-0.153385700879154
-0.656844444307162,-0.707484552294391,-0.666137625986016,0.165860540638978,-0.781685576717314,-0.707484552294391,-0.801006111536698,-0.165860540638978
-0.646949998715379,-0.704949694071439,-0.657585428378658,0.178326818759718,-0.789894084056359,-0.704949694071439,-0.812017679475762,-0.178326818759718
-0.636952982351707,-0.702309702385769,-0.648926811432835,0.190781659174243,-0.797977357534867,-0.702309702385769,-0.822901085371531,-0.190781659174243
-0.626854980194408,-0.69956582303948,-0.640162878241902,0.203222174541496,-0.805934115589192,-0.69956582303948,-0.833654675975732,-0.203222174541496
-0.616657593232549,-0.696719312954873,-0.631294750340958,0.215645467048,-0.813763096714089,-0.696719312954873,-0.844276818154275,-0.215645467048
-0.606362438212176,-0.693771439390079,-0.622323567719775,0.228048629219323,-0.821463059662726,-0.693771439390079,-0.854765899095066,-0.228048629219323
-0.595971147379985,-0.690723479158677,-0.613250488830966,0.240428744741612,-0.829032783643474,-0.690723479158677,-0.865120326513092,-0.240428744741612
-0.585485368224535,-0.687576717853963,-0.604076690593226,0.25278288929325,-0.836471068513457,-0.687576717853963,-0.875338528852793,-0.25278288929325
-0.574906763215049,-0.684332449078502,-0.594803368389449,0.265108131386754,-0.84377673496883,-0.684332449078502,-0.885418955487724,-0.265108131386754
-0.564237009537838,-0.680991973679624,-0.585431736059588,0.27740153322097,-0.850948624731753,-0.680991973679624,-0.895360076917539,-0.27740153322097
-0.553477798830389,-0.677556598991466,-0.575963025888063,0.289660151543652,-0.857985600734028,-0.677556598991466,-0.905160384962284,-0.289660151543652
-0.542630836913166,-0.674027638084183,-0.566398488585586,0.30188103852451,-0.864886547297378,-0.674027638084183,-0.914818392954039,-0.30188103852451
-0.531697843519162,-0.670406409020916,-0.556739393265226,0.31406124263879,-0.871650370310331,-0.670406409020916,-0.924332635925898,-0.31406124263879
-0.520680552021238,-0.666694234123114,-0.546987027412586,0.326197809561453,-0.878275997401683,-0.666694234123114,-0.933701670798311,-0.326197809561453
-0.509580709157312,-0.662892439244753,-0.53714269684994,0.338287783072026,-0.884762378110526,-0.662892439244753,-0.942924076562794,-0.338287783072027
-0.498400074753419,-0.659002353056027,-0.527207725694196,0.350328205970172,-0.891108484052784,-0.659002353056027,-0.951998454463005,-0.350328205970173
-0.487140421444696,-0.655025306337024,-0.517183456308552,0.362316121002024,-0.897313309084262,-0.655025306337024,-0.960923428173223,-0.362316121002024
-0.475803534394346,-0.650962631281917,-0.507071249247734,0.374248571797332,-0.903375869460167,-0.650962631281917,-0.969697643974195,-0.374248571797332
-0.464391211010604,-0.646815660814157,-0.496872483196671,0.386122603817462,-0.909295203991073,-0.646815660814157,-0.978319770926401,-0.386122603817462
-0.45290526066177,-0.642585727913157,-0.486588554902532,0.397935265314242,-0.915070374195317,-0.642585727913157,-0.986788501040708,-0.397935265314242
-0.441347504389337,-0.638274164952919,-0.476220879099992,0.409683608299697,-0.920700464447785,-0.638274164952919,-0.995102549446432,-0.409683608299697
-0.429719774619282,-0.633882303053052,-0.465770888429634,0.421364689526655,-0.926184582125084,-0.633882303053052,-1.00326065455681,-0.421364689526656
-0.418023914871537,-0.629411471442593,-0.455240033349417,0.432975571480208,-0.931521857747062,-0.629411471442593,-1.01126157823189,-0.432975571480208
-0.40626177946771,-0.624862996837042,-0.444629782039093,0.444513323380017,-0.936711445114659,-0.624862996837042,-1.01910410593879,-0.444513323380017
-0.394435233237092,-0.620238202828981,-0.433941620297531,0.455975022193416,-0.94175252144407,-0.620238202828981,-1.02678704690947,-0.455975022193416
-0.382546151220998,-0.615538409292651,-0.423177051432842,0.467357753659242,-0.946644287497191,-0.615538409292651,-1.03430923429574,-0.467357753659242
-0.370596418375485,-0.610764931802805,-0.412337596145284,0.478658613322334,-0.951385967708336,-0.610764931802805,-1.04166952532188,-0.478658613322334
-0.358587929272505,-0.605919081068177,-0.401424792402851,0.489874707578627,-0.955976810307196,-0.605919081068177,-1.04886680143446,-0.489874707578628
-0.346522587799529,-0.601002162379845,-0.390440195309531,0.501003154730684,-0.960416087438034,-0.601002162379845,-1.05589996844971,-0.501003154730684
-0.334402306857695,-0.596015475074779,-0.379385376966174,0.512041086053587,-0.964703095275078,-0.596015475074779,-1.06276795669819,-0.512041086053587
-0.322229008058523,-0.59096031201481,-0.368261926323938,0.522985646871025,-0.968837154134112,-0.59096031201481,-1.06946972116685,-0.522985646871025
-0.310004621419258,-0.585837959081279,-0.3570714490303,0.533833997641387,-0.972817608580234,-0.585837959081279,-1.0760042416385,-0.533833997641387
-0.297731085056875,-0.580649694685548,-0.345815567267599,0.544583315053699,-0.976643827531777,-0.580649694685548,-1.0823705228286,-0.544583315053699
-0.285410344880796,-0.575396789295583,-0.334495919584108,0.555230793133174,-0.980315204360357,-0.575396789295583,-1.08856759451938,-0.555230793133174
-0.273044354284378,-0.570080504978778,-0.323114160717627,0.565773644356132,-0.983831156987057,-0.570080504978778,-1.09459451169137,-0.565773644356132
-0.260635073835213,-0.56470209496116,-0.311671961411602,0.576209100774031,-0.987191127974708,-0.56470209496116,-1.10045035465219,-0.576209100774031
-0.248184470964287,-0.559262803203113,-0.300171008223777,0.586534415146319,-0.990394584616273,-0.559262803203113,-1.10613422916261,-0.586534415146319
-0.235694519654056,-0.553763863991721,-0.288613003327405,0.596746862081778,-0.993441019019301,-0.553763863991721,-1.11164526656003,-0.596746862081778
-0.223167200125479,-0.54820650154983,-0.276999664305028,0.606843739188009,-0.996329948186452,-0.54820650154983,-1.11698262387906,-0.606843739188009
-0.210604498524064,-0.542591929661886,-0.265332723934863,0.616822368228693,-0.999060914092074,-0.542591929661886,-1.1221454839695,-0.616822368228693
-0.198008406604973,-0.536921351316605,-0.253613929969837,0.626680096288215,-1.00163348375482,-0.536921351316605,-1.12713305561145,-0.626680096288215
-0.185380921417242,-0.53119595836651,-0.241845044909303,0.636414296943179,-1.00404724930631,-0.53119595836651,-1.13194457362772,-0.636414296943179
-0.172724044987156,-0.52541693120434,-0.230027845763495,0.646022371440397,-1.00630182805575,-0.52541693120434,-1.13657929899333,-0.646022371440398
-0.16003978400084,-0.519585438456327,-0.218164123810777,0.655501749880783,-1.00839686255067,-0.519585438456327,-1.14103651894229,-0.655501749880783
-0.147330149486105,-0.513702636692324,-0.206255684347734,0.664849892408648,-1.01033202063355,-0.513702636692324,-1.14531554707141,-0.664849892408648
-0.134597156493612,-0.507769670152738,-0.194304346432205,0.674064290405811,-1.0121069954945,-0.507769670152738,-1.14941572344135,-0.674064290405811
-0.121842823777395,-0.501787670492219,-0.18231194261929,0.683142467689879,-1.0137215057199,-0.501787670492219,-1.15333641467465,-0.683142467689879
-0.109069173474797,-0.495757756540019,-0.170280318690439,0.692081981716102,-1.01517529533701,-0.495757756540019,-1.15707701405095,-0.692081981716102
-0.0962782307858707,-0.489681034076952,-0.158211333375703,0.700880424782047,-1.01646813385458,-0.489681034076952,-1.16063694159913,-0.700880424782047
-0.0834720236522931,-0.483558595628838,-0.146106858069221,0.709535425234397,-1.01759981629934,-0.483558595628838,-1.16401564418658,-0.709535425234398
-0.0706525824358431,-0.477391520276319,-0.133968776538053,0.718044648677126,-1.01857016324857,-0.477391520276319,-1.16721259560539,-0.718044648677126
-0.0578219395964998,-0.471180873480919,-0.121798984624449,0.726405799180153,-1.01937902085846,-0.471180873480919,-1.17022729665555,-0.726405799180153
-0.0449821293702049,-0.464927706927199,-0.10959938994166,0.734616620487746,-1.0200262608886,-0.464927706927199,-1.17305927522505,-0.734616620487747
-0.0321351874463441,-0.458633058380861,-0.0973719115633965,0.742674897225676,-1.02051178072223,-0.458633058380861,-1.17570808636687,-0.742674897225676
-0.0192831506450005,-0.452297951562614,-0.0851184797070537,0.750578456106244,-1.02083550338253,-0.452297951562614,-1.17817331237294,-0.750578456106244
-0.00642805659402399,-0.44592339603765,-0.0728410354107986,0.758325167130203,-1.02099737754486,-0.44592339603765,-1.18045456284486,-0.758325167130203
0.00642805659402328,-0.439510387120508,-0.0605415302046633,0.765912944784521,-1.02099737754486,-0.439510387120508,-1.18255147476145,-0.765912944784521
0.0192831506450003,-0.43305990579516,-0.0482219257757482,0.773339749234972,-1.02083550338253,-0.43305990579516,-1.18446371254313,-0.773339749234972
0.0321351874463443,-0.426572918650077,-0.0358841936276705,0.780603587512408,-1.02051178072223,-0.426572918650077,-1.18619096811302,-0.780603587512408
0.0449821293702046,-0.420050377828085,-0.0235303147343798,0.78770251469161,-1.0200262608886,-0.420050377828085,-1.18773296095484,-0.787702514691611
0.0578219395964996,-0.413493220990759,-0.011162279188477,0.794634635061495,-1.01937902085846,-0.413493220990759,-1.18908943816739,-0.794634635061495
0.0706525824358429,-0.406902371297143,0.00121791415583128,0.801398103285471,-1.01857016324857,-0.406902371297143,-1.19026017451582,-0.801398103285472
0.0834720236522928,-0.400278737396538,0.0136082580450055,0.807991125550673,-1.01759981629934,-0.400278737396538,-1.19124497247947,-0.807991125550674
0.0962782307858708,-0.393623213435121,0.0260067371935377,0.814411960704768,-1.01646813385458,-0.393623213435121,-1.1920436622964,-0.814411960704768
0.109069173474797,-0.386936679076135,0.0384113286562607,0.820658921378959,-1.01517529533701,-0.386936679076135,-1.19265610200437,-0.820658921378959
0.121842823777394,-0.380219999533393,0.0508200022054677,0.826730375095877,-1.0137215057199,-0.380219999533393,-1.19308217747852,-0.826730375095877
0.134597156493611,-0.373474025617832,0.0632307207126928,0.83262474536083,-1.0121069954945,-0.373474025617832,-1.1933218024655,-0.83262474536083
0.147330149486104,-0.36669959379685,0.0756414405350067,0.838340512735051,-1.01033202063355,-0.36669959379685,-1.1933749186141,-0.838340512735051
0.16003978400084,-0.359897526266153,0.0880501119056843,0.843876215889408,-1.00839686255067,-0.359897526266153,-1.19324149550235,-0.843876215889408
0.172724044987156,-0.353068631033836,0.10045467932909,0.849230452637048,-1.00630182805575,-0.353068631033836,-1.19292153066112,-0.849230452637048
0.185380921417242,-0.346213702016419,0.112853081979644,0.854401880943452,-1.00404724930631,-0.346213702016419,-1.19241504959405,-0.854401880943452
0.198008406604972,-0.339333519146566,0.125243254104706,0.859389219912305,-1.00163348375482,-0.339333519146566,-1.19172210579394,-0.859389219912305
0.210604498524063,-0.332428848492192,0.137623125431231,0.864191250745562,-0.999060914092074,-0.332428848492192,-1.19084278075543,-0.864191250745562
0.223167200125479,-0.325500442386689,0.149990621576051,0.86880681767614,-0.996329948186452,-0.325500442386689,-1.18977718398412,-0.86880681767614
0.235694519654056,-0.318549039569973,0.162343664459632,0.873234828871497,-0.993441019019301,-0.318549039569973,-1.18852545300191,-0.873234828871497
0.248184470964287,-0.311575365340077,0.17468017272314,0.877474257306533,-0.990394584616273,-0.311575365340077,-1.18708775334871,-0.877474257306533
0.260635073835213,-0.304580131715004,0.18699806214869,0.881524141604072,-0.987191127974708,-0.304580131715004,-1.18546427858031,-0.881524141604072
0.273044354284377,-0.297564037604549,0.1992952460826,0.885383586841261,-0.983831156987057,-0.297564037604549,-1.18365525026265,-0.885383586841261
0.285410344880795,-0.290527768991815,0.211569635861529,0.889051765320199,-0.980315204360357,-0.290527768991815,-1.18166091796214,-0.889051765320199
0.297731085056875,-0.283471999124133,0.223819141241311,0.892527917301084,-0.976643827531777,-0.283471999124133,-1.17948155923234,-0.892527917301085
0.310004621419258,-0.276397388713109,0.236041670828376,0.895811351696209,-0.972817608580234,-0.276397388713109,-1.17711747959672,-0.89581135169621
0.322229008058522,-0.269304586143508,0.248235132513576,0.898901446723113,-0.968837154134112,-0.269304586143508,-1.17456901252763,-0.898901446723114
0.334402306857694,-0.262194227690714,0.260397433908286,0.901797650515186,-0.964703095275078,-0.262194227690714,-1.17183651942138,-0.901797650515187
0.346522587799529,-0.255066937746474,0.272526482782622,0.904499481688113,-0.960416087438034,-0.255066937746474,-1.16892038956951,-0.904499481688113
0.358587929272505,-0.247923329052656,0.284620187505637,0.907006529860489,-0.955976810307196,-0.247923329052656,-1.16582104012613,-0.907006529860489
0.370596418375485,-0.24076400294275,0.296676457487335,0.909318456126989,-0.951385967708336,-0.24076400294275,-1.16253891607134,-0.909318456126989
0.382546151220997,-0.233589549590849,0.30869320362238,0.911434993482528,-0.946644287497192,-0.233589549590849,-1.15907449017078,-0.911434993482528
0.394435233237092,-0.226400548267831,0.320668338735334,0.913355947195833,-0.941752521444071,-0.226400548267831,-1.15542826293121,-0.913355947195833
0.406261779467709,-0.219197567604485,0.332599778027289,0.915081195130965,-0.93671144511466,-0.219197567604485,-1.15160076255219,-0.915081195130965
0.418023914871537,-0.211981165861332,0.34448543952376,0.916610688015275,-0.931521857747062,-0.211981165861332,-1.14759254487376,-0.916610688015276
0.429719774619282,-0.204751891204858,0.356323244523674,0.91794444965243,-0.926184582125084,-0.204751891204858,-1.14340419332018,-0.91794444965243
0.441347504389337,-0.197510281989937,0.368111118049349,0.919082577079133,-0.920700464447785,-0.197510281989937,-1.13903631883971,-0.919082577079133
0.452905260661769,-0.190256867048166,0.379846989297296,0.920025240664255,-0.915070374195317,-0.190256867048166,-1.13448955984036,-0.920025240664255
0.464391211010604,-0.182992165981879,0.391528792089719,0.920772684149178,-0.909295203991074,-0.182992165981879,-1.1297645821217,-0.920772684149178
0.475803534394346,-0.175716689463605,0.403154465326577,0.921325224628158,-0.903375869460167,-0.175716689463605,-1.12486207880267,-0.921325224628158
0.487140421444696,-0.168430939540706,0.414721953438077,0.921683252467703,-0.897313309084262,-0.168430939540706,-1.11978277024533,-0.921683252467703
0.498400074753419,-0.161135409944988,0.426229206837452,0.921847231163947,-0.891108484052784,-0.161135409944988,-1.1145274039747,-0.921847231163947
0.509580709157312,-0.153830586407026,0.437674182373911,0.921817697137132,-0.884762378110526,-0.153830586407026,-1.10909675459448,-0.921817697137132
0.520680552021238,-0.14651694697499,0.449054843785614,0.921595259462439,-0.878275997401684,-0.14651694697499,-1.10349162369889,-0.92159525946244
0.531697843519161,-0.13919496233775,0.460369162152556,0.921180599536451,-0.871650370310331,-0.13919496233775,-1.09771283978037,-0.921180599536452
0.542630836913166,-0.131865096152022,0.471615116349222,0.920574470678666,-0.864886547297378,-0.131865096152022,-1.09176125813334,-0.920574470678666
0.553477798830388,-0.124527805373345,0.48279069349689,0.919777697667598,-0.857985600734028,-0.124527805373345,-1.08563776075393,-0.919777697667598
0.564237009537837,-0.117183540590683,0.493893889415472,0.918791176211116,-0.850948624731753,-0.117183540590683,-1.07934325623571,-0.918791176211116
0.574906763215049,-0.109832746364421,0.504922709074739,0.917615872350766,-0.84377673496883,-0.109832746364421,-1.07287867966138,-0.917615872350766
0.585485368224535,-0.10247586156756,0.515875167044838,0.916252821799989,-0.836471068513457,-0.10247586156756,-1.06624499249051,-0.916252821799989
0.595971147379985,-0.0951133197298992,0.526749287945961,0.914703129216212,-0.829032783643474,-0.0951133197298992,-1.05944318244323,-0.914703129216213
0.606362438212176,-0.0877455493850124,0.537543106897053,0.912967967407031,-0.821463059662726,-0.0877455493850124,-1.05247426337994,-0.912967967407032
0.616657593232548,-0.0803729744197967,0.548254669963446,0.911048576470674,-0.813763096714089,-0.0803729744197967,-1.04533927517705,-0.911048576470675
0.626854980194407,-0.0729960144264192,0.558882034603289,0.908946262871239,-0.805934115589192,-0.0729960144264192,-1.03803928359873,-0.908946262871239
0.636952982351707,-0.065615085056451,0.569423270112668,0.906662398449226,-0.797977357534868,-0.065615085056451,-1.03057538016465,-0.906662398449227
0.646949998715379,-0.0582305983770045,0.579876458069293,0.904198419368066,-0.789894084056359,-0.0582305983770045,-1.02294868201385,-0.904198419368067
0.656844444307161,-0.0508429632286795,0.590239692774654,0.901555824997498,-0.781685576717314,-0.0508429632286795,-1.01516033176455,-0.901555824997498
0.666634750410887,-0.0434525855851266,0.600511081694504,0.898736176734737,-0.773353136936599,-0.0434525855851266,-1.00721149737007,-0.898736176734737
0.676319364821198,-0.0360598689140465,0.61068874589759,0.895741096764609,-0.764898085781965,-0.0360598689140465,-0.999103371970839,-0.89574109676461
0.685896752089641,-0.0286652145394366,0.620770820492492,0.892572266759865,-0.7563217637606,-0.0286652145394366,-0.990837173742446,-0.892572266759866
0.695365393768102,-0.0212690220048981,0.630755455062483,0.889231426523105,-0.747625530606597,-0.0212690220048981,-0.982414145739786,-0.889231426523105
0.704723788649553,-0.013871689437831,0.640640814098278,0.885720372571839,-0.738810765065374,-0.013871689437831,-0.973835555737346,-0.885720372571839
0.713970453006056,-0.00647361391431867,0.650425077428587,0.88204095666841,-0.729878864675085,-0.00647361391431867,-0.965102696065581,-0.88204095666841
0.723103920824006,0.000924808175460493,0.660106440648336,0.878195084296497,-0.72083124554504,0.000924808175460493,-0.956216883443448,-0.878195084296497
0.732122744036557,0.00832318076148999,0.669683115544475,0.874184713086268,-0.711669342131194,0.00832318076148999,-0.94717945880708,-0.874184713086269
0.741025492753206,0.015721107728015,0.67915333051925,0.87001185119015,-0.702394607008718,0.015721107728015,-0.937991787134639,-0.87001185119015
0.749810755486499,0.0231181925476589,0.688515331010831,0.865678555611469,-0.693008510641701,0.0231181925476589,-0.928655257267352,-0.86567855561147
0.758477139375809,0.0305140379157477,0.697767379911201,0.861186930488283,-0.683512541150017,0.0305140379157477,-0.91917128172675,-0.861186930488283
0.767023270408172,0.0379082453850172,0.70690775798119,0.856539125334777,-0.673908204073386,0.0379082453850172,-0.909541296528132,-0.856539125334778
0.775447793636131,0.0453004150008771,0.715934764262553,0.851737333242848,-0.664197022132681,0.0453004150008771,-0.899766760990271,-0.851737333242849
0.78374937339255,0.0526901449374263,0.724846716486983,0.846783789046433,-0.65438053498851,0.0526901449374263,-0.889849157541385,-0.846783789046434
0.791926693502388,0.0600770311343926,0.733641951481953,0.841680767451363,-0.644460298997106,0.0600770311343926,-0.879789991521376,-0.841680767451364
0.799978457491358,0.0674606669351779,0.742318825573294,0.836430581133559,-0.634437886963579,0.0674606669351779,-0.869590790980389,-0.836430581133559
0.807903388791492,0.0748406427262047,0.750875714984385,0.831035578808459,-0.62431488789255,0.0748406427262047,-0.859253106473677,-0.83103557880846
0.815700230943522,0.0822165455777349,0.759311016231858,0.825498143274655,-0.614092906736227,0.0822165455777349,-0.84877851085282,-0.825498143274656
0.823367747796093,0.0895879588863604,0.76762314651772,0.819820689434782,-0.603773564139946,0.0895879588863604,-0.838168599053306,-0.819820689434783
0.830904723701746,0.096954462019351,0.77581054411778,0.814005662296752,-0.593358496185223,0.096954462019351,-0.827424987878494,-0.814005662296753
0.838309963709653,0.104315629961044,0.783871668766265,0.808055534958474,-0.582849354130366,0.104315629961044,-0.81654931578,-0.808055534958475
0.845582293755072,0.111671032961486,0.791805002036543,0.801972806579217,-0.572247804148669,0.111671032961486,-0.8055432426345,-0.801972806579217
0.852720560845488,0.119020236187495,0.799609047717825,0.795760000340878,-0.561555527064261,0.119020236187495,-0.794408449517005,-0.795760000340878
0.859723633243414,0.126362799376381,0.807282332187753,0.7894196614023,-0.550774218085603,0.126362799376381,-0.783146638470595,-0.789419661402301
0.866590400645824,0.133698276492479,0.814823404780759,0.782954354849958,-0.539905586536734,0.133698276492479,-0.771759532272682,-0.782954354849958
0.873319774360185,0.14102621538674,0.822230838152096,0.776366663648194,-0.528951355586258,0.14102621538674,-0.760248874197771,-0.776366663648195
0.879910687477064,0.148346157459562,0.829503228637421,0.769659186592229,-0.51791326197415,0.148346157459562,-0.748616427776801,-0.76965918659223
0.886362095039281,0.155657637327073,0.836639196607842,0.762834536267208,-0.506793055736403,0.155657637327073,-0.73686397655304,-0.762834536267209
0.892672974207584,0.162960182491096,0.8436373868203,0.755895337016391,-0.495592499927561,0.162960182491096,-0.724993323834589,-0.755895337016392
0.898842324422812,0.170253313012983,0.850496468763185,0.748844222921696,-0.484313370341208,0.170253313012983,-0.713006292443514,-0.748844222921697
0.904869167564531,0.177536541191572,0.857215136997084,0.741683835799635,-0.472957455228413,0.177536541191572,-0.700904724461624,-0.741683835799635
0.910752548106109,0.184809371245456,0.863792111490538,0.734416823215719,-0.46152655501422,0.184809371245456,-0.688690480972928,-0.734416823215719
0.916491533266212,0.192071298999818,0.87022613795071,0.727045836520301,-0.45002248201219,0.192071298999818,-0.676365441802788,-0.727045836520301
0.922085213156688,0.199321811578037,0.876515988148835,0.71957352890877,-0.438447060137081,0.199321811578037,-0.663931505253812,-0.719573528908771
0.927532700926831,0.206560387098329,0.88266046024037,0.712002553508883,-0.42680212461566,0.206560387098329,-0.651390587838478,-0.712002553508883
0.932833132903981,0.213786494375624,0.888658379079692,0.704335561498037,-0.415089521695751,0.213786494375624,-0.638744624008562,-0.704335561498038
0.937985668730461,0.220999592628953,0.894508596529273,0.696575200253061,-0.403311108353507,0.220999592628953,-0.625995565881348,-0.696575200253062
0.942989491496804,0.228199131194557,0.900209991763183,0.688724111535126,-0.391468751999009,0.228199131194557,-0.613145382962686,-0.688724111535126
0.947843807871279,0.235384549245,0.905761471564826,0.680784929712136,-0.37956433018019,0.235384549245,-0.600196061866899,-0.680784929712137
0.952547848225664,0.242555275514509,0.911161970618801,0.672760280021019,-0.367599730285158,0.242555275514509,-0.587149606033569,-0.67276028002102
0.957100866757266,0.249710728030804,0.916410451796742,0.664652776872022,-0.355576849242963,0.249710728030804,-0.574008035441246,-0.664652776872022
0.96150214160717,0.256850313853685,0.921505906437068,0.656465022197132,-0.343497593222848,0.256850313853685,-0.56077338631808,-0.656465022197133
0.96575097497468,0.263973428820618,0.926447354618475,0.648199603844602,-0.331363877332032,0.263973428820618,-0.547447710849427,-0.648199603844603
0.969846693227956,0.27107945729961,0.931233845427098,0.639859094021327,-0.319177625312085,0.27107945729961,-0.534033076882438,-0.639859094021327
0.973788647010814,0.278167771949612,0.935864457217204,0.631446047784833,-0.306940769233921,0.278167771949612,-0.520531567627665,-0.631446047784834
0.977576211345678,0.285237733488738,0.940338297865302,0.622963001586346,-0.294655249191482,0.285237733488738,-0.506945281357717,-0.622963001586347
0.981208785732665,0.292288690470569,0.944654505017549,0.614412471866431,-0.282323012994147,0.292288690470569,-0.493276331102985,-0.614412471866432
0.984685794244796,0.299319979068812,0.948812246330356,0.605796953704392,-0.269946015857908,0.299319979068812,-0.479526844344456,-0.605796953704392
0.988006685619304,0.306330922870595,0.95281071970404,0.597118919522602,-0.257526220095392,0.306330922870595,-0.465698962703672,-0.597118919522602
0.991170933345033,0.313320832678678,0.956649153509442,0.588380817846717,-0.245065594804738,0.313320832678678,-0.451794841629826,-0.588380817846717
0.994178035745914,0.320289006322858,0.960326806807371,0.579585072122648,-0.232566115557405,0.320289006322858,-0.437816650084042,-0.579585072122649
0.997027516060505,0.327234728480847,0.963842969560762,0.570734079590942,-0.220029764084961,0.327234728480847,-0.42376657022088,-0.570734079590942
0.999718922517578,0.334157270508919,0.967196962839433,0.561830210219154,-0.207458527964884,0.334157270508919,-0.409646797067051,-0.561830210219154
1.00225182840775,0.341055890282595,0.970388139017324,0.552875805692648,-0.194854400305445,0.341055890282595,-0.395459538197431,-0.552875805692649
1.00462583215111,0.347929832047657,0.973415881962109,0.543873178464052,-0.182219379429706,0.347929832047657,-0.381207013408337,-0.543873178464052
1.00684055736095,0.354778326281782,0.976279607217046,0.534824610861572,-0.169555468558699,0.354778326281782,-0.366891454388156,-0.534824610861572
1.00889565290335,0.361600589567068,0.978978762174973,0.525732354256145,-0.156864675493824,0.361600589567068,-0.352515104385305,-0.525732354256146
1.01079079295294,0.368395824473748,0.981512826244328,0.516598628287328,-0.144149012298522,0.368395824473748,-0.338080217873587,-0.516598628287329
1.01252567704447,0.375163219455366,0.983881311007069,0.507425620147693,-0.131410494979273,0.375163219455366,-0.32358906021496,-0.507425620147694
1.01410003012054,0.381901948755703,0.986083760368404,0.498215483925341,-0.118651143165965,0.381901948755703,-0.309043907319735,-0.498215483925341
1.01551360257512,0.388611172327727,0.988119750698211,0.488970340004124,-0.105872979791695,0.388611172327727,-0.294447045304265,-0.488970340004124
1.01676617029318,0.39529003576485,0.989988890964021,0.479692274520911,-0.0930780307720406,0.39529003576485,-0.27980077014613,-0.479692274520911
1.01785753468622,0.401937670244762,0.9916908228555,0.470383338879282,-0.0802683246838636,0.401937670244762,-0.265107387336861,-0.470383338879282
1.01878752272372,0.408553192486111,0.993225220900273,0.461045549318784,-0.0674458924436831,0.408553192486111,-0.250369211532226,-0.461045549318784
1.01955598696061,0.415135704718305,0.994591792571037,0.451680886538946,-0.0546127669856939,0.415135704718305,-0.235588566200139,-0.451680886538947
1.02016280556063,0.421684294664694,0.99579027838382,0.442291295377003,-0.0417709829394421,0.421684294664694,-0.220767783266167,-0.442291295377003
1.02060788231564,0.428198035539377,0.996820451987313,0.432878684538274,-0.0289225763072553,0.428198035539377,-0.205909202756748,-0.432878684538274
1.02089114666089,0.434675986057919,0.997682120243173,0.423444926378099,-0.0160695841414363,0.434675986057919,-0.191015172440075,-0.4234449263781
1.0210125536862,0.441117190462179,0.998375123297191,0.413991856734092,-0.00321404422130454,0.441117190462179,-0.176088047464747,-0.413991856734092
1.02097208414307,0.447520678559536,0.998899334641259,0.404521274807374,0.00964200526988638,0.447520678559536,-0.161130189996179,-0.404521274807375
1.02076974444775,0.453885465776707,0.999254661166024,0.395034943091548,0.0224965260680956,0.453885465776707,-0.146143968850821,-0.395034943091548
1.02040556668023,0.460210553228406,0.999441043204156,0.38553458734791,0.0353474801516456,0.460210553228406,-0.131131759128244,-0.38553458734791
1.0198796085791,0.466494927801047,0.999458454564149,0.376021896625492,0.0481928300643476,0.466494927801047,-0.116095941841089,-0.376021896625492
1.01919195353246,0.472737562251703,0.999306902554577,0.366498523324459,0.061030539238524,0.472737562251703,-0.101038903542966,-0.366498523324459
1.01834271056468,0.478937415322521,0.998986427998735,0.356966083301279,0.0738585723179002,0.478937415322521,-0.0859630359543061,-0.356966083301279
1.01733201431909,0.485093431870774,0.998497105239581,0.347426156014115,0.0866748954802983,0.485093431870774,-0.0708707355862243,-0.347426156014116
1.01616002503666,0.491204543014736,0.997839042134932,0.33788028470686,0.0994774767600934,0.491204543014736,-0.0557644033624351,-0.33788028470686
1.01482692853058,0.49726966629553,0.997012380042852,0.328329976630147,0.112264286370366,0.49726966629553,-0.0406464442392678,-0.328329976630148
1.01333293615682,0.503287705855122,0.996017293797157,0.318776703297799,0.12503329702472,0.503287705855122,-0.0255192668238086,-0.318776703297799
1.01167828478057,0.509257552630582,0.994853991673004,0.309221900776902,0.137782484258697,0.509257552630582,-0.0103852829902416,-0.309221900776903
1.00986323673878,0.51517808456475,0.993522715342526,0.299666970010035,0.150509826750743,0.51517808456475,0.00475309250558716,-0.299666970010035
1.00788807979846,0.521048166833422,0.992023739820436,0.290113277167838,0.163213306642686,0.521048166833422,0.0198934424133263,-0.290113277167838
1.00575312711113,0.526866652089146,0.990357373399608,0.280562154030383,0.175890909859648,0.526866652089146,0.0350333473769349,-0.280562154030384
1.00345871716313,0.532632380721719,0.988523957576575,0.27101489839558,0.188540626429377,0.532632380721719,0.0501703863251339,-0.271014898395581
1.00100521372201,0.538344181135448,0.986523866966934,0.261472774513106,0.201160450800906,0.538344181135448,0.0653021368634028,-0.261472774513107
0.998393005778767,0.544000870043237,0.984357509210633,0.251937013542101,0.213748382162539,0.544000870043237,0.0804261756675161,-0.251937013542101
0.995622507486264,0.549601252777516,0.98202532486714,0.242408814031125,0.226302424759054,0.549601252777516,0.0955400788785107,-0.242408814031125
0.992694158093511,0.555144123618061,0.979527787300468,0.232889342418714,0.238820588208133,0.555144123618061,0.110641422499076,-0.232889342418714
0.989608421876044,0.560628266136666,0.97686540255408,0.22337973355302,0.251300887815918,0.560628266136666,0.12572778279127,-0.22337973355302
0.986365788062314,0.566052453558693,0.974038709215669,0.213881091228977,0.263741344891683,0.566052453558693,0.140796736675532,-0.213881091228977
0.982966770756121,0.571415449141428,0.971048278271818,0.204394488741462,0.276139987061538,0.571415449141428,0.155845862130907,-0.204394488741462
0.979411908855109,0.576716006569207,0.967894712952593,0.194920969453059,0.288494848581142,0.576716006569207,0.170872738596435,-0.194920969453059
0.975701765965319,0.581952870365239,0.964578648566059,0.185461547374855,0.300803970647367,0.581952870365239,0.185874947373633,-0.185461547374856
0.97183693031184,0.587124776320019,0.96110075232278,0.176017207759006,0.313065401708849,0.587124776320019,0.200850072029998,-0.176017207759006
0.967818014645545,0.592230451936236,0.95746172315034,0.166588907701611,0.325277197775404,0.592230451936236,0.215795698803489,-0.166588907701611
0.963645656145942,0.597268616890018,0.953662291497928,0.157177576754614,0.337437422726229,0.597268616890018,0.230709417007866,-0.157177576754614
0.959320516320154,0.602237983508391,0.949703219131053,0.147784117545438,0.349544148616876,0.602237983508391,0.245588819438889,-0.147784117545438
0.954843280898038,0.607137257262744,0.945585298916455,0.138409406403138,0.36159545598491,0.607137257262744,0.260431502781225,-0.138409406403138
0.950214659723467,0.611965137278127,0.941309354597266,0.129054293989844,0.373589434154233,0.611965137278127,0.275235068016051,-0.129054293989845
0.945435386641789,0.616720316858159,0.936876240558533,0.119719605936384,0.385524181538012,0.616720316858159,0.28999712082924,-0.119719605936384
0.940506219383478,0.621401484025299,0.932286841583159,0.110406143480955,0.397397805940169,0.621401484025299,0.304715272020066,-0.110406143480955
0.935427939444,0.626007322076233,0.927542072598382,0.101114684109831,0.409208424855374,0.626007322076233,0.319387137910345,-0.101114684109831
0.93020135195991,0.630536510152089,0.922642878412877,0.0918459821990297,0.420954165767509,0.630536510152089,0.334010340753928,-0.0918459821990298
0.924827285581201,0.634987723823183,0.917590233444598,0.0826007696560898,0.432633166446554,0.634987723823183,0.348582509146473,-0.0826007696560899
0.919306592339928,0.639359635687965,0.912385141439488,0.0733797565609102,0.444243575243821,0.639359635687965,0.363101278435391,-0.0733797565609104
0.913640147515122,0.643650915985829,0.907028635181167,0.0641836318049273,0.455783551385535,0.643650915985829,0.3775642911299,-0.0641836318049273
0.907828849494015,0.647860233223418,0.901521776191739,0.0550130637277151,0.467251265264672,0.647860233223418,0.391969197311086,-0.0550130637277153
0.90187361962961,0.651986254814045,0.895865654423855,0.0458687007502968,0.478644898731042,0.651986254814045,0.406313655041892,-0.0458687007502968
0.895775402094602,0.656027647729809,0.890061387944198,0.0367511720043843,0.489962645379541,0.656027647729809,0.42059533077692,-0.0367511720043844
0.889535163731685,0.659983079165998,0.884110122608504,0.0276610879569816,0.501202710836551,0.659983079165998,0.43481189977199,-0.0276610879569817
0.883153893900265,0.663851217217323,0.878013031728338,0.0185990410295939,0.512363313044429,0.663851217217323,0.448961046493319,-0.018599041029594
0.876632604319598,0.667630731565516,0.871771315729742,0.00956560621156255,0.523442682544042,0.667630731565516,0.463040465026264,-0.00956560621156266
0.869972328908391,0.671320294177821,0.865386201803959,0.000561341666904636,0.53443906275531,0.671320294177821,0.477047859483502,-0.000561341666904691
0.863174123620878,0.674918580015862,0.85885894355042,-0.00841321066573741,0.545350710255697,0.674918580015862,0.490980944412561,0.0084132106657373
0.856239066279401,0.678424267754367,0.852190820612163,-0.0173575244806124,0.55617589505663,0.678424267754367,0.5048374452026,0.0173575244806123
0.849168256403532,0.681836040509229,0.845383138303899,-0.0262710885201349,0.56691290087777,0.681836040509229,0.518615098490334,0.0262710885201348
0.841962815035745,0.685152586574325,0.838437227232912,-0.0351534059983881,0.577560025419132,0.685152586574325,0.532311652565009,0.035153405998388
0.83462388456368,0.688372600166544,0.831354442913013,-0.0440039940330962,0.588115580630965,0.688372600166544,0.545924867772312,0.0440039940330961
0.827152628539024,0.691494782178421,0.824136165371759,-0.0528223830864372,0.598577892981395,0.691494782178421,0.55945251691712,0.0528223830864372
0.819550231493041,0.694517840937794,0.816783798751149,-0.0616081164148917,0.608945303721743,0.694517840937794,0.57289238566497,0.0616081164148917
0.811817898748759,0.69744049297385,0.809298770902025,-0.0703607495283788,0.619216169149525,0.69744049297385,0.586242272942173,0.0703607495283788
0.803956856229882,0.700261463788954,0.801682532972415,-0.0790798496588624,0.62938886086904,0.700261463788954,0.599499991334417,0.0790798496588623
0.795968350266421,0.702979488635603,0.793936558990041,-0.0877649952385499,0.639461766049554,0.702979488635603,0.612663367483793,0.0877649952385499
0.787853647397096,0.705593313297873,0.786062345439227,-0.0964157753878627,0.649433287681003,0.705593313297873,0.625730242484123,0.0964157753878627
0.77961403416853,0.708101694876675,0.778061410832476,-0.105031789413166,0.659301844827188,0.708101694876675,0.638698472274459,0.105031789413166
0.771250816931277,0.710503402578175,0.769935295276917,-0.113612646314448,0.669065872876432,0.710503402578175,0.65156592803068,0.113612646314448
0.762765321632705,0.712797218504678,0.761685560035919,-0.122157964302848,0.678723823789632,0.712797218504678,0.664330496555036,0.122157964302848
0.754158893606771,0.714981938447302,0.753313787086081,-0.130667370328146,0.688274166345704,0.714981938447302,0.676990080663577,0.130667370328146
0.74543289736073,0.717056372679745,0.744821578669899,-0.139140499616103,0.697715386384341,0.717056372679745,0.689542599571295,0.139140499616103
0.736588716358794,0.719019346752445,0.736210556844316,-0.147576995215679,0.707045987046082,0.719019346752445,0.701985989274933,0.147576995215679
0.727627752802792,0.720869702286435,0.727482363025461,-0.155976507556013,0.716264489009627,0.720869702286435,0.714318202933289,0.155976507556013
0.71855142740986,0.722606297766178,0.718638657529811,-0.164338694013095,0.725369430726382,0.722606297766178,0.72653721124496,0.164338694013095
0.709361179187191,0.724228009330684,0.709681119112047,-0.172663218486022,0.734359368652176,0.724228009330684,0.738641002823367,0.172663218486022
0.700058465203887,0.725733731562193,0.700611444499867,-0.18094975098269,0.743232877476125,0.725733731562193,0.750627584568979,0.18094975098269
0.690644760359949,0.727122378271707,0.691431347926026,-0.189197967214821,0.75198855034662,0.727122378271707,0.762494982038627,0.189197967214821
0.68112155715244,0.728392883280684,0.682142560657854,-0.197407548202114,0.760624999094362,0.728392883280684,0.774241239811776,0.197407548202114
0.671490365438853,0.729544201198155,0.672746830524535,-0.205578179885362,0.769140854452459,0.729544201198155,0.785864421853665,0.205578179885362
0.661752712197735,0.730575308192587,0.663245921442395,-0.213709552748369,0.777534766273512,0.730575308192587,0.797362611875207,0.213709552748369
0.651910141286587,0.731485202757782,0.653641612938473,-0.221801361448432,0.785805403743679,0.731485202757782,0.808733913689531,0.221801361448432
0.641964213197099,0.732272906472102,0.643935699672636,-0.229853304455203,0.793951455593661,0.732272906472102,0.819976451565058,0.229853304455203
0.631916504807735,0.732937464750366,0.634129990958491,-0.237865083697689,0.801971630306608,0.732937464750366,0.83108837057503,0.23786508369769
0.621768609133733,0.733477947587694,0.624226310283371,-0.245836404219178,0.809864656322874,0.733477947587694,0.842067836943345,0.245836404219178
0.611522135074534,0.733893450294663,0.614226494827628,-0.253766973839821,0.81762928224162,0.733893450294663,0.852913038386641,0.253766973839821
0.601178707158705,0.734183094223081,0.604132394983514,-0.2616565028267,0.825264277019217,0.734183094223081,0.863622184452488,0.261656502826701
0.590739965286374,0.734346027481745,0.593945873873878,-0.26950470357104,0.832768430164423,0.734346027481745,0.874193506853614,0.26950470357104
0.580207564469229,0.734381425641528,0.583668806870945,-0.277311290272368,0.8401405519303,0.734381425641528,0.88462525979805,0.277311290272368
0.569583174568134,0.734288492429167,0.573303081115423,-0.285075978629379,0.84737947350284,0.734288492429167,0.894915720315106,0.285075978629379
0.558868480028368,0.734066460409137,0.562850595036158,-0.292798485537201,0.85448404718628,0.734066460409137,0.905063188577073,0.292798485537201
0.548065179612578,0.733714591652995,0.552313257870609,-0.300478528790848,0.861453146585058,0.733714591652995,0.915065988216565,0.300478528790848
0.537174986131432,0.733232178395623,0.541692989186342,-0.308115826794576,0.868285666782401,0.733232178395623,0.924922466639406,0.308115826794576
0.526199626172079,0.732618543677773,0.530991718403808,-0.315710098276901,0.874980524515505,0.732618543677773,0.934630995332963,0.315710098276901
0.515140839824392,0.731873041974375,0.52021138432059,-0.323261062011024,0.881536658347277,0.731873041974375,0.944189970169852,0.323261062011025
0.504000380405096,0.730995059808045,0.509353934637381,-0.330768436540404,0.887953028834624,0.730995059808045,0.953597811706912,0.330768436540405
0.492780014179781,0.729984016347294,0.498421325485868,-0.338231939909253,0.894228618693251,0.729984016347294,0.962852965479383,0.338231939909254
0.481481520082873,0.728839363988904,0.48741552095876,-0.34565128939768,0.900362432958944,0.728839363988904,0.971953902290184,0.34565128939768
0.470106689435593,0.727560588924008,0.476338492642153,-0.353026201261279,0.906353499145323,0.727560588924008,0.980899118494224,0.353026201261279
0.458657325661946,0.726147211687383,0.465192219150417,-0.360356390474915,0.912200867398018,0.726147211687383,0.989687136277666,0.360356390474915
0.447135244002807,0.724598787689524,0.453978685663834,-0.367641570480498,0.917903610645264,0.724598787689524,0.998316503932065,0.367641570480498
0.435542271228114,0.72291490773106,0.442699883469116,-0.3748814529385,0.923460824744894,0.72291490773106,1.00678579612331,0.3748814529385
0.423880245347248,0.72109519849911,0.431357809503043,-0.382075747483063,0.92887162862767,0.72109519849911,1.01509361415529,0.382075747483063
0.41215101531762,0.71913932304518,0.419954465899348,-0.389224161480451,0.934135164436988,0.71913932304518,1.02323858622822,0.389224161480451
0.400356440751537,0.717046981244256,0.408491859539046,-0.396326399790669,0.939250597664875,0.717046981244256,1.03121936769161,0.396326399790669
0.388498391621358,0.714817910234715,0.396972001604336,-0.403382164532116,0.944217117284304,0.714817910234715,1.03903464129166,0.403382164532116
0.376578747963032,0.712451884838769,0.385396907136271,-0.410391154849031,0.949033935877774,0.712451884838769,1.04668311741324,0.410391154849031
0.364599399578014,0.709948717963108,0.373768594596298,-0.417353066681659,0.953700289762153,0.709948717963108,1.05416353431622,0.417353066681659
0.352562245733657,0.707308260979481,0.362089085431848,-0.42426759253893,0.958215439109757,0.707308260979481,1.06147465836614,0.42426759253893
0.340469194862085,0.704530404084949,0.350360403646075,-0.431134421273547,0.962578668065643,0.704530404084949,1.06861528425926,0.431134421273547
0.328322164257627,0.701615076641581,0.338584575371894,-0.437953237859399,0.966789284861107,0.701615076641581,1.07558423524175,0.437953237859399
0.316123079772833,0.698562247495369,0.326763628450432,-0.444723723171111,0.970846621923361,0.698562247495369,1.08238036332319,0.444723723171112
0.303873875513143,0.695371925274185,0.314899592013994,-0.451445553765764,0.974750035981372,0.695371925274185,1.08900254948413,0.451445553765765
0.291576493530244,0.692044158664594,0.302994496073667,-0.45811840166657,0.978498908167848,0.692044158664594,1.09544970387785,0.45811840166657
0.279232883514163,0.688579036667388,0.291050371111648,-0.464741934148571,0.982092644117361,0.688579036667388,1.1017207660261,0.464741934148571
0.266845002484163,0.684976688831713,0.279069247678398,-0.471315813526193,0.985530674060574,0.684976688831713,1.10781470500895,0.471315813526193
0.254414814478454,0.681237285467672,0.26705315599469,-0.477839696942773,0.988812452914584,0.681237285467672,1.11373051964859,0.477839696942774
0.241944290242817,0.67736103783734,0.255004125558669,-0.484313236161868,0.991937460369334,0.67736103783734,1.11946723868712,0.484313236161868
0.229435406918139,0.673348198324106,0.242924184757943,-0.490736077360494,0.994905200970108,0.673348198324106,1.12502392095823,0.490736077360495
0.216890147726959,0.669199060580324,0.230815360486821,-0.497107860924224,0.997715204196088,0.669199060580324,1.13039965555284,0.497107860924225
0.204310501659031,0.664913959653226,0.218679677768732,-0.503428221244191,1.00036702453494,0.664913959653226,1.13559356197857,0.503428221244192
0.191698463155982,0.660493272089112,0.206519159383875,-0.509696786516073,1.00286024155348,0.660493272089112,1.14060479031308,0.509696786516073
0.179056031795101,0.65593741601583,0.194335825502177,-0.51591317854109,1.00519445996427,0.65593741601583,1.14543252135124,0.51591317854109
0.166385211972314,0.651246851203574,0.182131693321561,-0.522077012529074,1.00736930968835,0.651246851203574,1.15007596674613,0.522077012529074
0.153688012584404,0.646422079104066,0.1699087767116,-0.528187896903768,1.0093844459139,0.646422079104066,1.15453436914379,0.528187896903768
0.140966446710501,0.641463642868188,0.157669085862558,-0.534245433110375,1.01123954915088,0.641463642868188,1.15880700231181,0.534245433110375
0.128222531292927,0.636372127342152,0.145414626939857,-0.540249215425573,1.0129343252817,0.636372127342152,1.16289317126162,0.540249215425574
0.115458286817412,0.631148159042321,0.133147401743992,-0.546198830770045,1.01446850560786,0.631148159042321,1.16679221236462,0.546198830770045
0.102675736992761,0.625792406108798,0.120869407375902,-0.552093858523764,1.01584184689254,0.625792406108798,1.170503493462,0.552093858523764
0.0898769084300035,0.62030557823793,0.108582635907807,-0.557933870344096,1.01705413139917,0.62030557823793,1.17402641396831,0.557933870344096
0.0770638303210797,0.614688426593868,0.0962890740595279,-0.563718429987041,1.01810516692595,0.614688426593868,1.17736040496879,0.563718429987041
0.0642385341171326,0.608941743699371,0.0839907028802759,-0.56944709313168,1.01899478683629,0.608941743699371,1.18050492931047,0.56944709313168
0.051403053206418,0.603066363306021,0.071689497435909,-0.575119407208121,1.01972285008532,0.603066363306021,1.18345948168691,0.575119407208122
0.0385594225919323,0.597063160244049,0.0593874265016659,-0.580734911229139,1.02028924124213,0.597063160244049,1.18622358871677,0.580734911229139
0.0257096785687637,0.590933050251994,0.0470864522603347,-0.586293135625753,1.02069387050817,0.590933050251994,1.18879680901612,0.586293135625753
0.0128558584012556,0.584676989786399,0.0347885300058744,-0.591793602087006,1.02093667373145,0.584676989786399,1.19117873326445,0.591793602087006
2.50077190183833e-16,0.578295975811787,0.0224956078524377,-0.597235823404187,1.02101761241668,0.578295975811787,1.19336898426448,0.597235823404187
