0.128276614310277
0.128228685742417
0.128179864966222
0.128130175565209
0.128079641802672
0.12802828861756
0.12797614161939
0.127923227082169
0.12786957193734
0.127815203765704
0.127760150788345
0.127704441856522
0.12764810644054
0.127591174617599
0.127533677058599
0.127475645013933
0.127417110298245
0.127358105274173
0.127298662835088
0.127238816386816
0.12717859982839
0.127118047531821
0.127057194320903
0.126996075449095
0.126934726576476
0.126873183745803
0.126811483357709
0.12674966214505
0.12668775714644
0.126625805679009
0.126563845310407
0.126501913830096
0.126440049219964
0.126378289624304
0.126316673319189
0.1262552386813
0.126194024156236
0.126133068226358
0.126072409378218
0.126012086069609
0.1259521366963
0.125892599558496
0.125833512827077
0.125774914509672
0.125716842416619
0.125659334126862
0.125602426953848
0.125546157911471
0.125490563680127
0.125435680572923
0.125381544502114
0.125328190945806
0.125275654915003
0.125223970921021
0.125173172943364
0.125123294398083
0.125074368106693
0.12502642626569
0.12497950041673
0.124933621417511
0.124888819413416
0.124845123809962
0.124802563246102
0.124761165568428
0.124720957806318
0.124681966148069
0.124644215918049
0.124607731554923
0.124572536590969
0.12453865363253
0.124506104341629
0.124474909418778
0.124445088586997
0.124416660577081
0.124389643114129
0.124364052905341
0.124339905629124
0.124317215925486
0.124295997387761
0.124276262555643
0.124258022909547
0.12424128886629
0.124226069776101
0.124212373920933
0.124200208514089
0.124189579701135
0.1241804925621
0.124172951114925
0.124166958320162
0.124162516086884
0.12415962527979
0.124158285727467
0.124158496231786
0.124160254578402
0.1241635575483
0.124168400930383
0.124174779535031
0.12418268720861
0.124192116848868
0.124203060421197
0.12421550897569
0.124229452664957
0.124244880762651
0.124261781682642
0.124280142998802
0.12429995146534
0.124321193037626
0.124343852893473
0.124367915454792
0.124393364409597
0.124420182734279
0.124448352716112
0.124477855975929
0.124508673490917
0.12454078561748
0.124574172114109
0.124608812164223
0.124644684398914
0.124681766919561
0.124720037320257
0.124759472710003
0.124800049734631
0.124841744598402
0.124884533085254
0.124928390579641
0.124973292086943
0.125019212253396
0.125066125385532
0.125114005469069
0.125162826187244
0.125212560938561
0.125263182853916
0.125314664813096
0.125366979460624
0.12542009922093
0.125473996312849
0.125528642763418
0.125584010420978
0.125640070967567
0.1256967959306
0.125754156693851
0.125812124507713
0.125870670498766
0.125929765678641
0.125989380952209
0.126049487125086
0.126110054910484
0.126171054935418
0.126232457746293
0.126294233813884
0.12635635353774
0.126418787250034
0.126481505218887
0.126544477651194
0.126607674694984
0.126671066441344
0.126734622925944
0.126798314130197
0.126862109982091
0.126925980356727
0.126989895076612
0.127053823911727
0.127117736579444
0.12718160274429
0.127245392017643
0.127309073957369
0.127372618067466
0.12743599379774
0.127499170543578
0.127562117645832
0.127624804390891
0.127687200010951
0.127749273684555
0.127810994537424
0.12787233164363
0.127933254027154
0.127993730663858
0.12805373048393
0.128113222374819
0.128172175184713
0.128230557726583
0.128288338782848
0.128345487110666
0.128401971447913
0.12845776051986
0.128512823046581
0.128567127751128
0.128620643368488
0.128673338655353
0.128725182400723
0.128776143437353
0.128826190654083
0.128875293009042
0.128923419543761
0.128970539398189
0.129016621826637
0.129061636214644
0.129105552096784
0.129148339175399
0.129189967340278
0.129230406689259
0.129269627549777
0.129307600501315
0.129344296398791
0.12937968639683
0.129413741974935
0.129446434963528
0.129477737570846
0.12950762241067
0.12953606253086
0.129563031442683
0.129588503150884
0.129612452184495
0.129634853628325
0.129655683155116
0.129674917058307
0.129692532285389
0.129708506471788
0.129722817975243
0.129735445910629
0.129746370185176
0.129755571534035
0.129763031556129
0.129768732750251
0.129772658551327
0.129774793366812
0.129775122613131
0.12977363275212
0.129770311327393
0.129765147000575
0.129758129587318
0.129749250093041
0.129738500748325
0.129725875043874
0.129711367764976
0.12969497502539
0.129676694300573
0.129656524460172
0.129634465799698
0.1296105200713
0.12958469051356
0.129556981880222
0.129527400467771
0.129495954141778
0.129462652361923
0.129427506205618
0.129390528390135
0.129351733293157
0.129311136971675
0.129268757179128
0.129224613380719
0.129178726766819
0.129131120264365
0.129081818546191
0.129030848038196
0.12897823692428
0.128924015148962
0.128868214417627
0.128810868194305
0.12875201169693
0.128691681890014
0.128629917474662
0.128566758875889
0.12850224822716
0.128436429352131
0.128369347743517
0.128301050539073
0.128231586494633
0.128161005954184
0.128089360816957
0.128016704501504
0.127943091906758
0.127868579370075
0.127793224622245
0.127717086739496
0.127640226092496
0.12756270429239
0.127484584133889
0.12740592953546
0.127326805476667
0.127247277932711
0.127167413806245
0.127087280856526
0.127006947625999
0.126926483364392
0.126845957950438
0.126765441811309
0.126685005839907
0.126604721310118
0.126524659790172
0.126444893054251
0.126365492992495
0.126286531519563
0.126208080481924
0.126130211564036
0.126052996193611
0.125976505446138
0.125900809948866
0.125825979784443
0.125752084394409
0.125679192482757
0.125607371919769
0.125536689646348
0.125467211579046
0.125399002516032
0.125332126044189
0.125266644447586
0.125202618617532
0.125140107964424
0.125079170331617
0.125019861911521
0.124962237164135
0.124906348738219
0.124852247395316
0.124799981936797
0.124749599134126
0.124701143662536
0.124654658038249
0.124610182559446
0.124567755251102
0.124527411813844
0.124489185576962
0.124453107455679
0.124419205912797
0.124387506924812
0.124358033952569
0.124330807916534
0.12430584717673
0.124283167517379
0.124262782136278
0.124244701638911
0.12422893403731
0.124215484753633
0.124204356628433
0.12419554993358
0.124189062389765
0.124184889188527
0.124183023018705
0.124183454097232
0.124186170204143
0.124191156721691
0.124198396677434
0.124207870791139
0.124219557525364
0.124233433139545
0.124249471747422
0.124267645377618
0.124287924037189
0.124310275777958
0.124334666765412
0.124361061349987
0.124389422140516
0.124419710079627
0.124451884520895
0.124485903307512
0.124521722852281
0.124559298218697
0.124598583202921
0.124639530416423
0.124682091369085
0.124726216552557
0.124771855523666
0.124818956987674
0.12486746888119
0.124917338454557
0.124968512353517
0.125020936699984
0.125074557171764
0.125129319081044
0.125185167451509
0.125242047093931
0.125299902680107
0.125358678814992
0.125418320106938
0.125478771235896
0.125539977019506
0.125601882476957
0.125664432890558
0.125727573864917
0.125791251383694
0.125855411863835
0.125920002207272
0.125984969850033
0.126050262808726
0.126115829724396
0.126181619903714
0.126247583357523
0.126313670836709
0.12637983386544
0.12644602477176
0.126512196715589
0.126578303714132
0.126644300664761
0.12671014336539
0.126775788532398
0.12684119381617
0.126906317814279
0.126971120082413
0.127035561143079
0.127099602492179
0.127163206603519
0.127226336931339
0.127288957910927
0.127351034957431
0.127412534462915
0.127473423791785
0.127533671274638
0.127593246200659
0.127652118808623
0.127710260276618
0.127767642710575
0.127824239131683
0.127880023462806
0.12793497051397
0.127989055967017
0.128042256359536
0.12809454906812
0.128145912291074
0.128196325030642
0.128245767074834
0.12829421897895
0.128341662046866
0.128388078312165
0.1284334505192
0.128477762104144
0.12852099717611
0.128563140498405
0.128604177469985
0.128644094107174
0.128682877025701
0.128720513423125
0.128756991061683
0.128792298251628
0.128826423835096
0.128859357170547
0.128891088117825
0.12892160702387
0.128950904709118
0.128978972454626
0.129005801989938
0.129031385481732
0.129055715523254
0.129078785124578
0.129100587703684
0.129121117078384
0.1291403674591
0.129158333442496
0.12917501000598
0.129190392503062
0.129204476659572
0.129217258570741
0.129228734699119
0.129238901873346
0.129247757287735
0.129255298502672
0.12926152344581
0.129266430414035
0.129270018076183
0.129272285476489
0.129273232038731
0.129272857571058
0.129271162271455
0.129268146733823
0.129263811954644
0.129258159340191
0.129251190714242
0.12924290832628
0.129233314860119
0.129222413442929
0.129210207654616
0.129196701537526
0.129181899606403
0.129165806858599
0.129148428784454
0.12912977137783
0.129109841146738
0.129088645124026
0.129066190878072
0.129042486523447
0.129017540731493
0.12899136274079
0.128963962367442
0.128935350015158
0.128905536685079
0.128874533985304
0.128842354140071
0.128809009998566
0.128774515043295
0.128738883397997
0.128702129835055
0.128664269782353
0.128625319329565
0.128585295233814
0.128544214924687
0.128502096508553
0.128458958772169
0.12841482118553
0.128369703903934
0.128323627769238
0.128276614310277
