0.974143117280054,-10.412184502102
0.97648900317939,-10.3904291866023
0.978825130294665,-10.3685613371627
0.981151527455323,-10.3465810851987
0.983468223494568,-10.3244885636395
0.985775247247842,-10.3022839069344
0.988072627551385,-10.2799672510588
0.990360393240701,-10.2575387335205
0.992638573149142,-10.234998493365
0.994907196106421,-10.2123466711825
0.997166290937181,-10.189583409113
0.999415886459542,-10.166708850853
1.00165601148369,-10.1437231416607
1.00388669481044,-10.1206264283629
1.00610796522986,-10.0974188593597
1.0083198515198,-10.0741005846315
1.01052238244458,-10.0506717557441
1.01271558675359,-10.0271325258548
1.01489949317985,-10.0034830497182
1.01707413043876,-9.97972348369184
1.01923952722662,-9.95585398574213
1.02139571221942,-9.93187471544984
1.02354271407137,-9.90778583401591
1.02568056141368,-9.88358750426706
1.02780928285319,-9.85927989066134
1.02992890697106,-9.83486315929382
1.0320394623215,-9.81033747790203
1.03414097743045,-9.78570301587152
1.03623348079432,-9.76095994424132
1.0383170008787,-9.73610843570935
1.04039156611713,-9.71114866463789
1.04245720490978,-9.68608080705886
1.0445139456223,-9.66090504067918
1.04656181658447,-9.63562154488609
1.04860084608909,-9.61023050075229
1.05063106239069,-9.58473209104128
1.0526524937043,-9.55912650021239
1.05466516820432,-9.53341391442599
1.05666911402328,-9.50759452154852
1.05866435925066,-9.48166851115752
1.06065093193175,-9.45563607454666
1.06262886006641,-9.42949740473059
1.06459817160802,-9.40325269644996
1.06655889446221,-9.37690214617614
1.0685110564858,-9.35044595211609
1.07045468548567,-9.32388431421708
1.07238980921759,-9.29721743417144
1.07431645538512,-9.27044551542109
1.07623465163854,-9.24356876316227
1.07814442557371,-9.21658738435003
1.08004580473098,-9.18950158770265
1.08193881659413,-9.16231158370622
1.08382348858932,-9.1350175846189
1.08569984808393,-9.10761980447526
1.08756792238563,-9.08011845909068
1.08942773874123,-9.05251376606536
1.09127932433569,-9.02480594478859
1.09312270629107,-8.99699521644288
1.09495791166551,-8.96908180400789
1.09678496745222,-8.94106593226449
1.09860390057846,-8.91294782779865
1.10041473790454,-8.88472771900523
1.10221750622286,-8.85640583609189
1.10401223225685,-8.82798241108269
1.10579894266009,-8.79945767782185
1.10757766401525,-8.77083187197726
1.1093484228332,-8.74210523104408
1.11111124555202,-8.71327799434811
1.11286615853604,-8.6843504030493
1.11461318807495,-8.65532270014499
1.11635236038282,-8.62619513047319
1.11808370159723,-8.59696794071574
1.11980723777829,-8.56764137940146
1.12152299490777,-8.53821569690919
1.12323099888821,-8.50869114547069
1.124931275542,-8.47906797917363
1.12662385061051,-8.44934645396435
1.12830874975319,-8.41952682765065
1.12998599854675,-8.38960935990434
1.13165562248421,-8.35959431226401
1.13331764697414,-8.32948194813742
1.13497209733975,-8.29927253280398
1.13661899881805,-8.26896633341707
1.13825837655903,-8.23856361900636
1.13989025562483,-8.20806466047999
1.14151466098893,-8.17746973062669
1.14313161753529,-8.14677910411779
1.14474115005759,-8.11599305750921
1.14634328325843,-8.08511186924327
1.14793804174848,-8.05413581965052
1.14952545004577,-8.02306519095144
1.15110553257484,-7.991900267258
1.15267831366601,-7.96064133457523
1.15424381755461,-7.92928868080261
1.15580206838019,-7.8978425957355
1.15735309018579,-7.86630337106628
1.1588969069172,-7.83467130038567
1.16043354242218,-7.80294667918362
1.16196302044979,-7.7711298048505
1.1634853646496,-7.73922097667783
1.16500059857099,-7.70722049585919
1.16650874566244,-7.67512866549087
1.16800982927083,-7.64294579057253
1.1695038726407,-7.61067217800767
1.17099089891362,-7.57830813660412
1.17247093112741,-7.54585397707432
1.17394399221553,-7.51331001203559
1.17541010500637,-7.48067655601024
1.17686929222258,-7.44795392542563
1.17832157648041,-7.41514243861409
1.17976698028905,-7.38224241581278
1.18120552604995,-7.34925417916344
1.18263723605621,-7.31617805271198
1.18406213249192,-7.28301436240812
1.18548023743152,-7.24976343610472
1.18689157283916,-7.21642560355717
1.1882961605681,-7.18300119642268
1.18969402236008,-7.14949054825926
1.19108517984468,-7.11589399452492
1.19246965453874,-7.08221187257648
1.19384746784576,-7.0484445216684
1.19521864105529,-7.01459228295157
1.19658319534232,-6.98065549947181
1.19794115176672,-6.94663451616845
1.19929253127267,-6.91252967987267
1.20063735468804,-6.87834133930585
1.20197564272385,-6.84406984507764
1.20330741597369,-6.80971554968415
1.20463269491319,-6.77527880750584
1.20595149989942,-6.74075997480536
1.20726385117037,-6.7061594097253
1.20856976884439,-6.6714774722859
1.20986927291966,-6.63671452438243
1.21116238327364,-6.60187092978268
1.21244911966257,-6.5669470541243
1.21372950172092,-6.53194326491181
1.21500354896086,-6.49685993151388
1.21627128077177,-6.46169742516015
1.21753271641973,-6.42645611893813
1.21878787504698,-6.3911363877899
1.22003677567145,-6.35573860850876
1.22127943718626,-6.32026315973567
1.22251587835923,-6.28471042195573
1.22374611783236,-6.24908077749439
1.22497017412141,-6.21337461051359
1.22618806561535,-6.17759230700784
1.22739981057594,-6.14173425480018
1.22860542713724,-6.10580084353786
1.22980493330515,-6.06979246468819
1.23099834695694,-6.03370951153399
1.23218568584081,-5.99755237916911
1.23336696757543,-5.96132146449377
1.23454220964948,-5.92501716620979
1.23571142942122,-5.88863988481563
1.23687464411808,-5.85219002260146
1.23803187083615,-5.81566798364401
1.23918312653984,-5.77907417380129
1.24032842806136,-5.74240900070724
1.2414677921004,-5.70567287376626
1.24260123522361,-5.66886620414763
1.24372877386427,-5.63198940477971
1.24485042432181,-5.59504289034416
1.24596620276146,-5.55802707726998
1.24707612521382,-5.52094238372741
1.24818020757445,-5.48378922962176
1.24927846560352,-5.44656803658705
1.25037091492535,-5.40927922797962
1.25145757102809,-5.37192322887158
1.25253844926329,-5.33450046604408
1.25361356484556,-5.29701136798058
1.25468293285214,-5.25945636485991
1.2557465682226,-5.22183588854926
1.25680448575839,-5.18415037259698
1.25785670012253,-5.14640025222542
1.25890322583925,-5.10858596432341
1.25994407729357,-5.07070794743885
1.26097926873104,-5.03276664177108
1.2620088142573,-4.99476248916309
1.26303272783779,-4.9566959330937
1.26405102329736,-4.91856741866961
1.26506371432,-4.8803773926172
1.2660708144484,-4.84212630327445
1.2670723370837,-4.80381460058254
1.26806829548513,-4.76544273607739
1.26905870276968,-4.72701116288114
1.27004357191176,-4.68852033569344
1.27102291574291,-4.64997071078266
1.27199674695147,-4.61136274597699
1.27296507808222,-4.5726969006554
1.27392792153617,-4.53397363573847
1.27488528957013,-4.49519341367924
1.27583719429649,-4.45635669845365
1.2767836476829,-4.41746395555122
1.27772466155192,-4.37851565196538
1.27866024758079,-4.33951225618374
1.2795904173011,-4.3004542381783
1.2805151820985,-4.26134206939545
1.28143455321241,-4.22217622274599
1.28234854173575,-4.18295717259492
1.28325715861466,-4.14368539475115
1.28416041464817,-4.10436136645713
1.285058320488,-4.06498556637834
1.28595088663822,-4.02555847459271
1.286838123455,-3.98608057257989
1.28772004114636,-3.94655234321035
1.2885966497719,-3.90697427073456
1.28946795924249,-3.86734684077186
1.29033397932008,-3.82767054029934
1.29119471961736,-3.78794585764061
1.2920501895976,-3.74817328245436
1.29290039857431,-3.70835330572293
1.29374535571105,-3.66848641974079
1.29458507002114,-3.62857311810278
1.29541955036745,-3.58861389569233
1.29624880546213,-3.54860924866967
1.29707284386636,-3.50855967445972
1.29789167399017,-3.46846567174007
1.29870530409215,-3.4283277404288
1.29951374227922,-3.38814638167217
1.30031699650643,-3.34792209783218
1.3011150745767,-3.30765539247423
1.30190798414062,-3.26734677035436
1.30269573269622,-3.22699673740671
1.30347832758872,-3.18660580073066
1.30425577601036,-3.14617446857801
1.30502808500014,-3.10570325033996
1.30579526144365,-3.06519265653414
1.30655731207281,-3.02464319879132
1.30731424346569,-2.98405538984235
1.30806606204631,-2.94342974350466
1.30881277408439,-2.90276677466893
1.30955438569522,-2.86206699928556
1.31029090283939,-2.82133093435106
1.31102233132262,-2.78055909789438
1.31174867679559,-2.73975200896312
1.31246994475369,-2.69891018760967
1.31318614053688,-2.65803415487729
1.31389726932946,-2.61712443278611
1.31460333615993,-2.57618154431896
1.31530434590074,-2.5352060134072
1.31600030326818,-2.49419836491651
1.31669121282213,-2.45315912463247
1.31737707896595,-2.4120888192462
1.31805790594623,-2.37098797633982
1.31873369785268,-2.32985712437189
1.31940445861792,-2.28869679266274
1.3200701920173,-2.24750751137982
1.3207309016688,-2.20628981152278
1.32138659103276,-2.16504422490875
1.3220372634118,-2.12377128415727
1.32268292195063,-2.08247152267538
1.32332356963588,-2.0411454746425
1.32395920929595,-1.99979367499533
1.32458984360085,-1.95841665941261
1.32521547506205,-1.91701496429985
1.32583610603236,-1.87558912677406
1.32645173870569,-1.83413968464828
1.327062375117,-1.79266717641616
1.32766801714211,-1.75117214123649
1.32826866649754,-1.70965511891757
1.32886432474041,-1.66811664990161
1.32945499326826,-1.62655727524906
1.33004067331893,-1.58497753662284
1.33062136597045,-1.54337797627264
1.33119707214085,-1.50175913701895
1.33176779258806,-1.46012156223728
1.33233352790979,-1.41846579584217
1.33289427854338,-1.37679238227125
1.33345004476568,-1.33510186646913
1.33400082669294,-1.29339479387142
1.33454662428067,-1.25167171038852
1.33508743732353,-1.20993316238957
1.33562326545519,-1.1681796966861
1.33615410814827,-1.12641186051594
1.33667996471416,-1.08463020152681
1.33720083430292,-1.04283526776013
1.33771671590323,-1.00102760763454
1.33822760834221,-0.959207769929619
1.33873351028534,-0.917376303769412
1.33923442023636,-0.875533758606017
1.33973033653718,-0.83368068420303
1.34022125736774,-0.791817630619167
1.34070718074596,-0.749945148191602
1.3411881045276,-0.708063787519455
1.34166402640619,-0.666174099447279
1.34213494391296,-0.624276635048335
1.34260085441669,-0.58237194560805
1.34306175512368,-0.540460582607314
1.34351764307763,-0.498543097705848
1.34396851515956,-0.456620042725549
1.34441436808775,-0.414691969633722
1.34485519841764,-0.37275943052644
1.34529100254176,-0.330822977611726
1.34572177668965,-0.28888316319296
1.34614751692778,-0.246940539651956
1.34656821915951,-0.204995659432418
1.34698387912497,-0.163049075022968
1.34739449240105,-0.121101338940516
1.34780005440128,-0.0791530037134667
1.34820056037582,-0.0372046218649036
1.34859600541136,0.00474325410412289
1.34898638443107,0.0466900717314155
1.34937169219457,0.0886352786103588
1.34975192329782,0.130578322406721
1.35012707217313,0.172518650875425
1.3504971330891,0.214455711877249
1.35086210015051,0.256388953395626
1.35122196729836,0.298317823553355
1.35157672830977,0.340241770629331
1.35192637679798,0.382160243075301
1.35227090621225,0.424072689532471
1.35261030983792,0.465978558848317
1.35294458079628,0.507877300093156
1.35327371204459,0.549768362576841
1.35359769637604,0.591651195865413
1.35391652641975,0.633525249797654
1.35423019464068,0.675389974501738
1.35453869333969,0.71724482041175
1.35484201465345,0.75908923828428
1.35514015055447,0.800922679214873
1.35543309285106,0.842744594654602
1.35572083318735,0.884554436426435
1.35600336304324,0.926351656741723
1.35628067373441,0.968135708216548
1.35655275641233,1.00990604388815
1.35681960206424,1.0516621172312
1.35708120151318,1.0934033821741
1.35733754541793,1.13512929311527
1.3575886242731,1.17683930493928
1.35783442840908,1.21853287303313
1.35807494799206,1.26020945330233
1.35831017302407,1.30186850218694
1.35854009334297,1.34350947667769
1.35876469862249,1.38513183433197
1.35898397837224,1.42673503328974
1.35919792193774,1.46831853228943
1.35940651850045,1.50988179068387
1.35960975707778,1.55142426845598
1.35980762652317,1.5929454262346
1.36000011552608,1.63444472531018
1.36018721261207,1.67592162765038
1.36036890614279,1.71737559591565
1.36054518431609,1.75880609347483
1.36071603516602,1.80021258442056
1.36088144656291,1.84159453358467
1.36104140621339,1.88295140655354
1.3611959016605,1.92428266968344
1.36134492028371,1.96558779011569
1.361488449299,2.00686623579177
1.36162647575892,2.04811747546857
1.36175898655265,2.08934097873324
1.36188596840614,2.13053621601822
1.36200740788206,2.17170265861608
1.36212329138003,2.21283977869444
1.36223360513659,2.25394704931057
1.36233833522533,2.29502394442614
1.36243746755697,2.33606993892178
1.3625309878795,2.3770845086116
1.36261888177818,2.41806713025768
1.36270113467576,2.45901728158431
1.36277773183247,2.49993444129241
1.36284865834622,2.54081808907364
1.36291389915265,2.58166770562458
1.36297343902528,2.6224827726607
1.36302726257561,2.66326277293042
1.36307535425324,2.70400719022887
1.36311769834602,2.74471550941175
1.36315427898017,2.78538721640901
1.36318508012037,2.82602179823847
1.36321008556999,2.86661874301935
1.36322927897112,2.90717753998569
1.36324264380481,2.9476976794997
1.36325016339118,2.98817865306503
1.36325182088954,3.02861995333993
1.3632475992986,3.06902107415034
1.36323748145663,3.10938151050282
1.36322145004157,3.14970075859746
1.36319948757126,3.1899783158407
1.36317157640358,3.23021368085797
1.36313769873662,3.2704063535063
1.36309783660892,3.31055583488687
1.36305197189956,3.3506616273573
1.36300008632843,3.39072323454407
1.36294216145641,3.43074016135462
1.36287817868552,3.47071191398951
1.36280811925919,3.51063799995439
1.36273196426243,3.5505179280719
1.36264969462205,3.59035120849343
1.36256129110686,3.63013735271086
1.36246673432792,3.66987587356813
1.36236600473876,3.70956628527264
1.36225908263559,3.74920810340677
1.36214594815755,3.78880084493893
1.36202658128696,3.82834402823496
1.36190096184953,3.86783717306896
1.36176906951467,3.90727980063438
1.36163088379566,3.94667143355478
1.36148638405,3.98601159589454
1.36133554947959,4.02529981316954
1.36117835913107,4.06453561235756
1.36101479189605,4.10371852190874
1.36084482651141,4.14284807175585
1.36066844155956,4.18192379332442
1.36048561546877,4.22094521954282
1.36029632651342,4.25991188485218
1.36010055281433,4.29882332521619
1.35989827233906,4.33767907813089
1.3596894629022,4.37647868263416
1.35947410216572,4.41522167931528
1.35925216763927,4.45390761032429
1.3590236366805,4.4925360193811
1.35878848649542,4.53110645178484
1.3585466941387,4.56961845442275
1.35829823651403,4.60807157577903
1.35804309037451,4.64646536594376
1.35778123232293,4.68479937662143
1.35751263881217,4.72307316113958
1.35723728614559,4.76128627445715
1.35695515047734,4.79943827317285
1.3566662078128,4.83752871553333
1.35637043400893,4.87555716144124
1.35606780477466,4.91352317246316
1.3557582956713,4.95142631183753
1.35544188211293,4.98926614448219
1.35511853936682,5.0270422370022
1.35478824255381,5.06475415769707
1.35445096664879,5.10240147656831
1.35410668648107,5.13998376532658
1.35375537673485,5.17750059739879
1.35339701194964,5.2149515479351
1.35303156652069,5.25233619381584
1.35265901469949,5.28965411365821
1.35227933059418,5.32690488782294
1.35189248817004,5.36408809842078
1.35149846124997,5.40120332931891
1.35109722351493,5.4382501661472
1.35068874850446,5.47522819630434
1.35027300961715,5.51213700896393
1.34984998011117,5.54897619508031
1.34941963310474,5.58574534739442
1.34898194157664,5.62244406043943
1.34853687836675,5.65907193054626
1.3480844161766,5.69562855584907
1.34762452756982,5.73211353629053
1.34715718497277,5.76852647362699
1.34668236067502,5.80486697143361
1.34620002682996,5.84113463510923
1.34571015545531,5.87732907188126
1.34521271843371,5.91344989081035
1.3447076875133,5.94949670279499
1.34419503430832,5.98546912057599
1.34367473029964,6.02136675874081
1.34314674683542,6.05718923372782
1.34261105513171,6.09293616383038
1.342067626273,6.12860716920089
1.34151643121291,6.1642018718546
1.3409574407748,6.1997198956734
1.34039062565239,6.23516086640949
1.33981595641039,6.27052441168885
1.33923340348522,6.30581016101472
1.33864293718557,6.34101774577082
1.33804452769316,6.37614679922456
1.33743814506334,6.41119695653013
1.33682375922582,6.44616785473139
1.33620133998534,6.48105913276471
1.33557085702239,6.51587043146175
1.33493227989387,6.55060139355198
1.33428557803386,6.58525166366518
1.33363072075431,6.61982088833385
1.33296767724578,6.65430871599549
1.33229641657817,6.68871479699465
1.33161690770149,6.72303878358505
1.33092911944659,6.7572803299315
1.33023302052596,6.79143909211166
1.32952857953444,6.8255147281178
1.32881576495008,6.85950689785835
1.32809454513488,6.8934152631594
1.32736488833559,6.92723948776608
1.32662676268453,6.96097923734378
1.32588013620041,6.99463417947938
1.32512497678916,7.02820398368222
1.32436125224472,7.06168832138507
1.32358893024995,7.09508686594502
1.32280797837742,7.12839929264404
1.3220183640903,7.16162527868985
1.32122005474323,7.19476450321618
1.3204130175832,7.22781664728338
1.31959721975042,7.26078139387859
1.31877262827923,7.29365842791605
1.31793921009899,7.3264474362371
1.31709693203502,7.35914810761027
1.31624576080951,7.39176013273111
1.31538566304244,7.42428320422203
1.31451660525255,7.456717016632
1.31363855385828,7.48906126643607
1.31275147517871,7.52131565203498
1.31185533543455,7.55347987375448
1.31095010074913,7.58555363384468
1.31003573714938,7.61753663647917
1.30911221056681,7.64942858775427
1.30817948683856,7.6812291956879
1.30723753170837,7.7129381702186
1.30628631082763,7.74455522320429
1.30532578975645,7.77608006842104
1.30435593396463,7.80751242156167
1.30337670883282,7.83885200023436
1.30238807965348,7.87009852396102
1.30139001163203,7.9012517141757
1.3003824698879,7.93231129422286
1.29936541945567,7.96327698935555
1.29833882528612,7.99414852673355
1.29730265224738,8.02492563542125
1.29625686512605,8.05560804638572
1.29520142862833,8.08619549249447
1.29413630738119,8.11668770851315
1.29306146593352,8.14708443110335
1.29197686875724,8.17738539882007
1.29088248024856,8.20759035210922
1.28977826472915,8.23769903330513
1.28866418644727,8.26771118662775
1.28754020957907,8.29762655817998
1.28640629822975,8.32744489594488
1.28526241643481,8.35716594978265
1.28410852816129,8.38678947142774
1.282944597309,8.41631521448575
1.28177058771181,8.44574293443027
1.28058646313889,8.47507238859974
1.27939218729603,8.50430333619401
1.27818772382688,8.53343553827117
1.2769730363143,8.56246875774393
1.27574808828166,8.59140275937621
1.27451284319413,8.62023730977955
1.27326726446006,8.6489721774094
1.27201131543231,8.67760713256142
1.27074495940959,8.70614194736771
1.26946815963784,8.73457639579292
1.26818087931161,8.7629102536303
1.26688308157544,8.79114329849772
1.26557472952525,8.81927530983361
1.26425578620979,8.84730606889284
1.26292621463199,8.87523535874242
1.26158597775046,8.90306296425743
1.2602350384809,8.93078867211648
1.25887335969755,8.9584122707975
1.25750090423467,8.98593355057319
1.25611763488798,9.01335230350654
1.25472351441621,9.04066832344627
1.25331850554251,9.0678814060222
1.25190257095605,9.09499134864054
1.25047567331347,9.12199795047918
1.24903777524042,9.14890101248289
1.24758883933315,9.17570033735845
1.24612882815998,9.20239572956972
1.24465770426295,9.22898699533274
1.24317543015933,9.25547394261066
1.24168196834321,9.28185638110865
1.24017728128715,9.30813412226888
1.23866133144372,9.33430697926525
1.23713408124717,9.36037476699822
1.235595493115,9.38633730208951
1.23404552944967,9.41219440287681
1.23248415264021,9.4379458894084
1.23091132506388,9.46359158343775
1.22932700908786,9.48913130841805
1.22773116707094,9.51456488949672
1.22612376136518,9.53989215350986
1.22450475431767,9.56511292897662
1.2228741082722,9.5902270460937
1.22123178557102,9.61523433672948
1.21957774855655,9.64013463441848
1.21791195957319,9.66492777435552
1.216234380969,9.68961359338993
1.21454497509755,9.71419193001976
1.21284370431966,9.73866262438585
1.21113053100522,9.76302551826602
1.20940541753496,9.78728045506901
1.20766832630233,9.81142727982858
1.20591921971526,9.8354658391975
1.20415806019806,9.85939598144146
1.20238481019324,9.88321755643305
1.20059943216338,9.90693041564558
1.19880188859299,9.93053441214703
1.19699214199042,9.95402940059381
1.19517015488975,9.97741523722457
1.19333588985269,10.000691779854
1.19148930947046,10.0238588878665
1.18963037636582,10.04691642221
1.1877590531949,10.0698642453897
1.18587530264922,10.0927022214614
1.18397908745762,10.1154302160256
1.18207037038826,10.1380480962207
1.18014911425056,10.1605557307169
1.17821528189724,10.1829529897097
1.1762688362263,10.2052397449131
1.17430974018305,10.2274158695537
1.17233795676212,10.2494812383638
1.17035344900951,10.2714357275751
1.16835618002464,10.293279214912
1.1663461129624,10.315011579585
1.16432321103524,10.3366327022845
1.16228743751522,10.3581424651737
1.16023875573611,10.3795407518824
1.15817712909553,10.4008274475002
1.15610252105701,10.42200243857
1.15401489515213,10.4430656130811
1.15191421498268,10.4640168604627
1.14980044422276,10.4848560715773
1.14767354662098,10.5055831387139
1.14553348600259,10.5261979555814
1.14338022627166,10.5467004173017
1.14121373141329,10.5670904204033
1.13903396549578,10.5873678628141
1.13684089267284,10.6075326438552
1.13463447718582,10.6275846642338
1.13241468336593,10.6475238260367
1.13018147563646,10.6673500327232
1.12793481851506,10.6870631891186
1.12567467661596,10.7066632014075
1.12340101465228,10.7261499771267
1.12111379743824,10.7455234251587
1.11881298989152,10.7647834557251
1.11649855703552,10.7839299803791
1.11417046400166,10.8029629119995
1.1118286760317,10.8218821647835
1.10947315848009,10.8406876542401
1.10710387681626,10.859379297183
1.104720796627,10.8779570117243
1.10232388361881,10.8964207172672
1.09991310362025,10.9147703344997
1.09748842258431,10.9330057853875
1.09504980659082,10.9511269931673
1.0925972218488,10.96913388234
1.09013063469889,10.9870263786639
1.08765001161576,11.0048044091483
1.08515531921051,11.022467902046
1.08264652423311,11.0400167868475
1.08012359357481,11.0574509942732
1.07758649427065,11.0747704562675
1.07503519350183,11.0919751059918
1.07246965859824,11.1090648778176
1.06988985704089,11.1260397073199
1.06729575646441,11.1428995312706
1.06468732465953,11.1596442876317
1.06206452957557,11.1762739155484
1.05942733932296,11.192788355343
1.05677572217574,11.2091875485076
1.05410964657409,11.2254714376979
1.05142908112685,11.2416399667261
1.04873399461406,11.2576930805548
1.0460243559895,11.27363072529
1.04330013438325,11.2894528481746
1.04056129910426,11.305159397582
1.03780781964289,11.3207503230091
1.03503966567349,11.3362255750702
1.03225680705703,11.3515851054901
1.0294592138436,11.3668288670979
1.02664685627511,11.38195681382
1.02381970478781,11.3969689006742
1.02097773001493,11.4118650837628
1.01812090278933,11.4266453202663
1.01524919414607,11.441309568437
1.01236257532509,11.4558577875923
1.00946101777381,11.4702899381089
1.0065444931498,11.4846059814155
1.00361297332344,11.4988058799874
1.0006664303805,11.5128895973395
0.997704836624941,11.5268570980203
0.994728164581456,11.5407083476054
0.991736386998212,11.5544433126913
0.988729476849524,11.5680619608893
0.985707407338523,11.581564260819
0.982670151899872,11.5949501821023
0.979617684202444,11.6082196953569
0.976549978152047,11.6213727721908
0.973467007894115,11.6344093851952
0.970368747816428,11.6473295079394
0.967255172551843,11.6601331149637
0.964126256981002,11.6728201817744
0.960981976235068,11.6853906848368
0.957822305698464,11.6978446015697
0.954647221011598,11.7101819103393
0.951456698073628,11.7224025904534
0.948250713045192,11.7345066221552
0.945029242351154,11.7464939866174
0.941792262683392,11.7583646659365
0.938539751003508,11.770118643127
0.935271684545645,11.7817559021154
0.931988040819214,11.7932764277343
0.928688797611681,11.8046802057169
0.925373932991341,11.8159672226912
0.922043425310102,11.8271374661743
0.918697253206236,11.8381909245664
0.915335395607206,11.8491275871458
0.911957831732417,11.8599474440627
0.908564541096029,11.8706504863338
0.905155503509725,11.8812367058369
0.901730699085525,11.8917060953052
0.898290108238584,11.9020586483218
0.894833711689967,11.9122943593143
0.891361490469479,11.9224132235496
0.887873425918439,11.9324152371279
0.884369499692518,11.9423003969781
0.880849693764505,11.9520687008518
0.877313990427153,11.9617201473185
0.873762372295954,11.97125473576
0.870194822311972,11.9806724663654
0.866611323744648,11.9899733401256
0.8630118601946,11.9991573588286
0.859396415596452,12.0082245250541
0.855764974221623,12.0171748421682
0.852117520681178,12.0260083143188
0.848454039928594,12.0347249464303
0.844774517262612,12.0433247441986
0.841078938330025,12.0518077140862
0.837367289128506,12.0601738633174
0.83363955600941,12.0684231998732
0.829895725680586,12.0765557324868
0.826135785209198,12.0845714706382
0.822359722024519,12.0924704245501
0.818567523920744,12.1002526051829
0.814759179059814,12.1079180242295
0.810934675974188,12.1154666941118
0.807094003569689,12.1228986279747
0.803237151128263,12.1302138396827
0.799364108310811,12.1374123438145
0.795474865159968,12.1444941556592
0.791569412102912,12.1514592912111
0.787647739954148,12.1583077671658
0.783709839918294,12.1650396009157
0.779755703592887,12.1716548105453
0.775785322971149,12.1781534148276
0.771798690444776,12.1845354332189
0.767795798806707,12.1908008858554
0.763776641253922,12.1969497935483
0.759741211390176,12.2029821777803
0.755689503228794,12.208898060701
0.751621511195424,12.2146974651227
0.747537230130793,12.220380414517
0.743436655293463,12.2259469330102
0.739319782362572,12.2313970453795
0.735186607440594,12.2367307770491
0.731037127056053,12.2419481540865
0.72687133816629,12.2470492031982
0.722689238160151,12.2520339517263
0.71849082486074,12.2569024276446
0.714276096528128,12.2616546595548
0.710045051862044,12.2662906766829
0.705797690004611,12.2708105088755
0.701534010543022,12.2752141865962
0.697254013512234,12.2795017409221
0.692957699397651,12.2836732035402
0.68864506913781,12.287728606744
0.68431612412704,12.2916679834298
0.679970866218132,12.2954913670937
0.675609297724997,12.299198791828
0.671231421425292,12.3027902923179
0.666837240563079,12.306265903838
0.662426758851467,12.3096256622497
0.657999980475188,12.3128696039972
0.65355691009326,12.315997766105
0.649097552841574,12.3190101861743
0.644621914335481,12.3219069023805
0.640130000672381,12.3246879534693
0.635621818434316,12.3273533787547
0.631097374690514,12.3299032181152
0.626556676999966,12.3323375119916
0.621999733413969,12.3346563013834
0.617426552478652,12.3368596278466
0.612837143237512,12.3389475334908
0.608231515233941,12.3409200609761
0.603609678513704,12.3427772535107
0.598971643627461,12.3445191548482
0.594317421633228,12.3461458092849
0.589647024098865,12.3476572616575
0.584960463104523,12.3490535573401
0.580257751245099,12.350334742242
0.575538901632672,12.3515008628053
0.570803927898923,12.3525519660022
0.566052844197539,12.3534880993331
0.561285665206623,12.3543093108238
0.556502406131083,12.3550156490234
0.551703082704975,12.3556071630021
0.546887711193891,12.3560839023491
0.542056308397299,12.35644591717
0.537208891650852,12.3566932580852
0.53234547882872,12.3568259762277
0.527466088345913,12.3568441232406
0.522570739160524,12.3567477512758
0.517659450776032,12.3565369129917
0.512732243243556,12.3562116615511
0.507789137164097,12.3557720506197
0.502830153690756,12.3552181343639
0.497855314530958,12.3545499674496
0.492864641948641,12.3537676050397
0.487858158766444,12.3528711027929
0.482835888367856,12.3518605168619
0.477797854699383,12.3507359038918
0.472744082272654,12.3494973210184
0.467674596166561,12.3481448258667
0.462589422029334,12.3466784765498
0.45748858608064,12.3450983316666
0.452372115113623,12.3434044503011
0.447240036496963,12.3415968920209
0.442092378176905,12.3396757168755
0.436929168679249,12.3376409853955
0.431750437111356,12.3354927585908
0.426556213164101,12.3332310979499
0.421346527113852,12.3308560654385
0.416121409824383,12.3283677234983
0.41088089274878,12.3257661350458
0.405625007931362,12.3230513634718
0.400353788009518,12.3202234726396
0.395067266215604,12.3172825268846
0.389765476378747,12.3142285910132
0.38444845292665,12.3110617303018
0.379116230887423,12.3077820104962
0.373768845891333,12.3043894978103
0.368406334172532,12.300884258926
0.363028732570835,12.2972663609918
0.35763607853339,12.2935358716225
0.352228410116378,12.2896928588984
0.346805765986682,12.2857373913649
0.341368185423517,12.2816695380314
0.335915708320069,12.2774893683713
0.330448375185068,12.2731969523213
0.324966227144383,12.2687923602808
0.319469305942565,12.2642756631116
0.313957653944375,12.2596469321376
0.308431314136294,12.2549062391443
0.30289033012799,12.2500536563785
0.297334746153809,12.245089256548
0.291764607074166,12.2400131128215
0.286179958376976,12.2348252988283
0.28058084617905,12.2295258886582
0.274967317227422,12.2241149568613
0.269339418900718,12.2185925784478
0.26369719921045,12.2129588288884
0.258040706802297,12.2072137841137
0.252369990957362,12.2013575205146
0.24668510159343,12.1953901149422
0.24098608926614,12.1893116447082
0.235273005170185,12.1831221875845
0.229545901140475,12.1768218218037
0.223804829653246,12.1704106260595
0.218049843827163,12.1638886795065
0.212280997424408,12.1572560617606
0.20649834485172,12.1505128528997
0.200701941161411,12.1436591334634
0.194891842052358,12.136694984454
0.189068103870968,12.1296204873365
0.18323078361212,12.1224357240393
0.177379938920063,12.1151407769545
0.171515628089303,12.1077357289385
0.165637910065454,12.1002206633126
0.159746844446029,12.0925956638636
0.153842491481307,12.0848608148443
0.147924912075004,12.0770162009744
0.141994167785079,12.0690619074407
0.136050320824401,12.0609980198987
0.130093434061425,12.0528246244722
0.12412357102087,12.0445418077553
0.11814079588428,12.0361496568122
0.112145173490657,12.0276482591788
0.106136769336982,12.019037702863
0.100115649578753,12.0103180763463
0.0940818810304728,12.001489468584
0.0880355311661104,11.9925519690068
0.0819766681195177,11.9835056675216
0.0759053606848569,11.9743506545122
0.0698216783169226,11.9650870208412
0.0637256911315222,11.9557148578503
0.0576174699057467,11.9462342573618
0.0514970860782464,11.93664531168
0.0453646117494696,11.9269481135918
0.0392201196818786,11.9171427563686
0.0330636833000911,11.9072293337671
0.0268953766910609,11.8972079400308
0.0207152746041471,11.8870786698914
0.014523452451196,11.8768416185697
0.0083199863065977,11.8664968817778
0.0021049529072652,11.8560445557198
-0.00412157034738569,11.8454847370933
-0.0103595053954758,11.8348175230914
-0.0166087735128021,11.8240430114037
-0.0228692953129386,11.813161300218
-0.0291409907474127,11.8021724882218
-0.0354237791058944,11.791076674604
-0.041717579016452,11.7798739590564
-0.048022308445812,11.7685644417755
-0.0543378846996521,11.7571482234637
-0.0606642244229635,11.7456254053317
-0.0670012436004236,11.7339960890997
-0.0733488575567735,11.7222603769993
-0.079706980957326,11.7104183717753
-0.0860755278083938,11.6984701766874
-0.0924544114578498,11.6864158955121
-0.0988435445956442,11.6742556325447
-0.105242839254435,11.6619894926006
-0.111652206810187,11.6496175810181
-0.118071557982845,11.6371400036595
-0.124500802837051,11.6245568669134
-0.130939850782864,11.6118682776968
-0.137388610576544,11.5990743434566
-0.143846990321346,11.5861751721724
-0.150314897468416,11.5731708723576
-0.15679223881763,11.5600615530624
-0.163278920518545,11.546847323875
-0.169774848071348,11.5335282949245
-0.176279926327875,11.5201045768825
-0.182794059492631,11.5065762809653
-0.189317151123875,11.4929435189364
-0.195849104134741,11.4792064031084
-0.202389820794369,11.4653650463452
-0.208939202729121,11.4514195620646
-0.215497150923793,11.4373700642399
-0.222063565722906,11.4232166674028
-0.228638346831978,11.4089594866455
-0.235221393318903,11.3945986376228
-0.241812603615318,11.3801342365548
-0.248411875518023,11.3655664002287
-0.255019106190477,11.350895246002
-0.261634192164247,11.3361208918041
-0.268257029340586,11.321243456139
-0.274887512992021,11.306263058088
-0.281525537763937,11.2911798173117
-0.288170997676268,11.2759938540526
-0.294823786125182,11.2607052891379
-0.301483795884825,11.2453142439813
-0.308150919109105,11.2298208405863
-0.314825047333501,11.2142252015482
-0.321506071476909,11.1985274500569
-0.328193881843593,11.1827277098991
-0.334888368125064,11.1668261054614
-0.341589419402078,11.1508227617325
-0.348296924146684,11.1347178043058
-0.355010770224247,11.1185113593824
-0.361730844895564,11.1022035537731
-0.368457034819002,11.0857945149017
-0.375189226052684,11.0692843708071
-0.381927304056699,11.0526732501465
-0.388671153695377,11.0359612821974
-0.395420659239583,11.0191485968611
-0.402175704369058,11.0022353246647
-0.408936172174816,10.9852215967642
-0.41570194516156,10.9681075449472
-0.422472905250141,10.9508933016353
-0.429248933780082,10.9335789998875
-0.436029911512115,10.9161647734023
-0.442815718630741,10.8986507565208
-0.449606234746922,10.8810370842294
-0.456401338900702,10.8633238921627
-0.463200909563928,10.845511316606
-0.470004824643009,10.8275994944986
-0.476812961481699,10.8095885634359
-0.483625196863947,10.7914786616731
-0.490441407016746,10.773269928127
-0.497261467613083,10.75496250238
-0.50408525377485,10.7365565246819
-0.510912640075889,10.7180521359533
-0.517743500545009,10.6994494777882
-0.524577708669045,10.6807486924574
-0.531415137396025,10.6619499229104
-0.538255659138283,10.6430533127793
-0.5450991457757,10.6240590063808
-0.551945468658922,10.6049671487197
-0.558794498612659,10.5857778854916
-0.565646105939002,10.5664913630855
-0.57250016042079,10.5471077285872
-0.579356531325019,10.5276271297816
-0.58621508740628,10.5080497151563
-0.593075696910276,10.4883756339037
-0.599938227577303,10.4686050359247
-0.606802546645864,10.4487380718309
-0.613668520856261,10.428774892948
-0.620536016454247,10.4087156513183
-0.627404899194696,10.388560499704
-0.634275034345379,10.36830959159
-0.641146286690705,10.3479630811863
-0.648018520535535,10.3275211234317
-0.654891599709042,10.3069838739962
-0.66176538756859,10.286351489284
-0.668639747003699,10.2656241264363
-0.675514540439973,10.2448019433345
-0.682389629843153,10.2238850986028
-0.689264876723132,10.2028737516111
-0.696140142138088,10.181768062478
-0.703015286698586,10.1605681920738
-0.709890170571748,10.139274302023
-0.716764653485484,10.1178865547075
-0.723638594732739,10.0964051132694
-0.73051185317576,10.0748301416138
-0.737384287250443,10.0531618044117
-0.744255754970707,10.0314002671027
-0.751126113932884,10.0095456958981
-0.757995221320169,9.98759825778373
-0.764862933907111,9.96555812052243
-0.771729108064134,9.94342545265728
-0.778593599762092,9.92120042351416
-0.785456264576869,9.89888320320472
-0.79231695769402,9.87647396262905
-0.799175533913453,9.85397287347858
-0.80603184765412,9.83138010823876
-0.812885752958798,9.80869584019189
-0.81973710349885,9.7859202434199
-0.826585752579076,9.76305349280704
-0.833431553142564,9.74009576404266
-0.840274357775572,9.71704723362393
-0.847114018712505,9.69390807885858
-0.853950387840857,9.67067847786751
-0.860783316706232,9.64735860958765
-0.867612656517396,9.62394865377449
-0.874438258151365,9.60044879100479
-0.881259972158497,9.57685920267927
-0.88807764876767,9.55318007102522
-0.894891137891474,9.52941157909911
-0.901700289131441,9.50555391078925
-0.908504951783281,9.48160725081832
-0.915304974842198,9.45757178474601
-0.922100207008231,9.43344769897153
-0.928890496691591,9.40923518073623
-0.935675692018101,9.38493441812602
-0.942455640834581,9.36054560007403
-0.949230190714375,9.33606891636297
-0.955999188962801,9.31150455762766
-0.962762482622714,9.28685271535758
-0.969519918480077,9.26211358189912
-0.97627134306956,9.2372873504582
-0.983016602680171,9.21237421510256
-0.989755543360917,9.18737437076418
-0.996488010926537,9.16228801324161
-1.00321385096318,9.1371153392024
-1.00993290883423,9.11185654618533
-1.01664502968605,9.08651183260277
-1.02335005845387,9.06108139774293
-1.03004783986756,9.03556544177214
-1.0367382184576,9.00996416573708
-1.04342103856096,8.98427777156701
-1.05009614432706,8.95850646207593
-1.05676337972372,8.93265044096476
-1.06342258854325,8.90670991282353
-1.0700736144084,8.88068508313339
-1.07671630077846,8.85457615826887
-1.08335049095538,8.82838334549978
-1.08997602808988,8.80210685299338
-1.09659275518758,8.77574688981635
-1.10320051511522,8.74930366593679
-1.10979915060686,8.72277739222617
-1.11638850427008,8.69616828046134
-1.12296841859231,8.66947654332634
-1.12953873594705,8.64270239441438
-1.13609929860024,8.61584604822968
-1.14264994871658,8.58890772018927
-1.14919052836589,8.56188762662477
-1.15572087952954,8.53478598478428
-1.16224084410682,8.50760301283402
-1.16875026392142,8.48033892986004
-1.17524898072789,8.45299395587
-1.18173683621811,8.42556831179476
-1.18821367202783,8.39806221948998
-1.19467932974322,8.37047590173779
-1.20113365090737,8.3428095822483
-1.20757647702699,8.31506348566115
-1.21400764957889,8.28723783754699
-1.22042701001665,8.25933286440898
-1.22683439977733,8.23134879368422
-1.23322966028806,8.20328585374513
-1.2396126329728,8.17514427390082
-1.24598315925899,8.14692428439846
-1.2523410805843,8.11862611642455
-1.25868623840343,8.09025000210619
-1.26501847419481,8.06179617451234
-1.27133762946744,8.03326486765498
-1.27764354576768,8.00465631649029
-1.28393606468606,7.9759707569198
-1.29021502786416,7.94720842579144
-1.29648027700145,7.91836956090063
-1.30273165386215,7.88945440099127
-1.30896900028215,7.86046318575675
-1.31519215817594,7.8313961558409
-1.32140096954347,7.80225355283884
-1.32759527647715,7.77303561929791
-1.33377492116879,7.74374259871851
-1.33993974591655,7.71437473555484
-1.34608959313195,7.68493227521569
-1.35222430534684,7.65541546406514
-1.35834372522042,7.62582454942326
-1.36444769554632,7.59615977956675
-1.37053605925951,7.56642140372949
-1.37660865944348,7.53660967210317
-1.38266533933719,7.50672483583774
-1.3887059423422,7.47676714704194
-1.39473031202976,7.44673685878371
-1.40073829214782,7.41663422509056
-1.40672972662824,7.38645950095002
-1.41270445959377,7.35621294230983
-1.41866233536528,7.3258948060783
-1.42460319846883,7.29550535012447
-1.43052689364279,7.26504483327841
-1.436433265845,7.2345135153312
-1.44232216025992,7.20391165703517
-1.44819342230576,7.1732395201039
-1.45404689764163,7.14249736721223
-1.45988243217476,7.11168546199623
-1.46569987206759,7.08080406905317
-1.47149906374499,7.04985345394135
-1.47727985390141,7.01883388317994
-1.48304208950808,6.98774562424883
-1.48878561782018,6.95658894558833
-1.49451028638401,6.92536411659885
-1.50021594304419,6.89407140764066
-1.50590243595084,6.86271109003336
-1.51156961356678,6.8312834360556
-1.51721732467471,6.79978871894447
-1.52284541838436,6.76822721289506
-1.52845374413975,6.73659919305986
-1.5340421517263,6.70490493554815
-1.53961049127809,6.67314471742533
-1.54515861328495,6.6413188167122
-1.55068636859974,6.60942751238424
-1.55619360844543,6.57747108437076
-1.56168018442234,6.54544981355408
-1.56714594851527,6.51336398176861
-1.57259075310068,6.48121387179995
-1.57801445095384,6.44899976738382
-1.58341689525601,6.41672195320508
-1.58879793960152,6.38438071489661
-1.59415743800499,6.35197633903817
-1.59949524490837,6.31950911315526
-1.60481121518816,6.28697932571779
-1.61010520416246,6.25438726613889
-1.61537706759809,6.22173322477353
-1.6206266617177,6.18901749291714
-1.62585384320686,6.15624036280419
-1.63105846922109,6.12340212760671
-1.63624039739301,6.09050308143274
-1.64139948583929,6.05754351932478
-1.6465355931678,6.02452373725813
-1.65164857848454,5.99144403213924
-1.65673830140075,5.95830470180399
-1.66180462203982,5.92510604501585
-1.66684740104436,5.89184836146412
-1.67186649958311,5.85853195176203
-1.67686177935794,5.82515711744481
-1.68183310261078,5.79172416096768
-1.68678033213054,5.75823338570391
-1.69170333126005,5.72468509594264
-1.69660196390289,5.69107959688681
-1.70147609453033,5.65741719465097
-1.70632558818816,5.62369819625905
-1.71115031050352,5.58992290964207
-1.71595012769172,5.55609164363583
-1.72072490656306,5.5222047079785
-1.72547451452959,5.48826241330823
-1.73019881961185,5.45426507116062
-1.73489769044563,5.4202129939662
-1.7395709962887,5.3861064950479
-1.74421860702744,5.35194588861835
-1.74884039318356,5.3177314897772
-1.75343622592075,5.28346361450843
-1.75800597705122,5.24914257967752
-1.76254951904242,5.21476870302864
-1.76706672502348,5.18034230318176
-1.77155746879186,5.14586369962967
-1.77602162481977,5.11133321273508
-1.78045906826078,5.07675116372747
-1.78486967495615,5.04211787470009
-1.78925332144137,5.00743366860682
-1.79360988495251,4.97269886925887
-1.79793924343262,4.93791380132167
-1.80224127553807,4.90307879031153
-1.80651586064488,4.86819416259226
-1.810762878855,4.83326024537184
-1.81498221100256,4.79827736669895
-1.81917373866011,4.76324585545944
-1.82333734414481,4.7281660413729
-1.82747291052457,4.69303825498891
-1.83158032162423,4.65786282768356
-1.83565946203159,4.62264009165562
-1.83971021710353,4.58737037992292
-1.84373247297199,4.55205402631846
-1.84772611655,4.51669136548662
-1.85169103553759,4.48128273287927
-1.85562711842777,4.44582846475182
-1.85953425451235,4.41032889815925
-1.86341233388784,4.37478437095203
-1.86726124746121,4.33919522177211
-1.87108088695573,4.30356179004871
-1.87487114491661,4.26788441599417
-1.87863191471677,4.23216344059975
-1.88236309056248,4.19639920563132
-1.88606456749893,4.160592053625
-1.88973624141586,4.12474232788285
-1.89337800905306,4.08885037246843
-1.89698976800588,4.05291653220229
-1.90057141673066,4.01694115265753
-1.90412285455016,3.98092458015513
-1.90764398165891,3.94486716175948
-1.91113469912855,3.90876924527358
-1.91459490891308,3.87263117923442
-1.91802451385411,3.83645331290821
-1.92142341768607,3.80023599628561
-1.92479152504131,3.76397958007682
-1.92812874145526,3.72768441570676
-1.93143497337142,3.69135085531013
-1.93471012814642,3.65497925172637
-1.93795411405493,3.6185699584947
-1.94116684029465,3.58212332984907
-1.94434821699108,3.54563972071296
-1.9474981552024,3.50911948669429
-1.95061656692427,3.47256298408024
-1.95370336509446,3.43597056983193
-1.95675846359759,3.3993426015792
-1.95978177726972,3.36267943761524
-1.96277322190297,3.32598143689125
-1.96573271424997,3.28924895901099
-1.9686601720284,3.25248236422535
-1.97155551392536,3.21568201342684
-1.97441865960177,3.17884826814404
-1.97724952969666,3.14198149053603
-1.98004804583147,3.10508204338676
-1.98281413061422,3.06815029009939
-1.98554770764371,3.0311865946906
-1.98824870151357,2.99419132178479
-1.99091703781637,2.95716483660837
-1.9935526431476,2.92010750498387
-1.99615544510958,2.88301969332414
-1.99872537231537,2.84590176862639
-2.00126235439263,2.80875409846628
-2.00376632198733,2.77157705099193
-2.00623720676754,2.73437099491793
-2.00867494142706,2.69713629951924
-2.01107945968902,2.65987333462515
-2.01345069630945,2.62258247061312
-2.01578858708077,2.58526407840263
-2.01809306883521,2.54791852944897
-2.02036407944822,2.51054619573702
-2.02260155784175,2.47314744977498
-2.02480544398755,2.43572266458805
-2.02697567891035,2.3982722137121
-2.02911220469101,2.3607964711873
-2.03121496446959,2.32329581155172
-2.03328390244843,2.28577060983489
-2.03531896389502,2.24822124155129
-2.03732009514501,2.21064808269392
-2.03928724360498,2.17305150972769
-2.04122035775524,2.13543189958289
-2.04311938715259,2.09778962964858
-2.04498428243294,2.06012507776601
-2.04681499531392,2.02243862222186
-2.04861147859743,1.98473064174165
-2.05037368617212,1.94700151548296
-2.05210157301579,1.9092516230287
-2.05379509519774,1.87148134438036
-2.0554542098811,1.83369105995116
-2.05707887532499,1.79588115055926
-2.05866905088676,1.75805199742087
-2.06022469702404,1.72020398214339
-2.06174577529678,1.6823374867185
-2.06323224836928,1.64445289351519
-2.064684080012,1.60655058527284
-2.06610123510353,1.5686309450942
-2.06748367963227,1.5306943564384
-2.06883138069821,1.49274120311393
-2.07014430651457,1.4547718692715
-2.07142242640936,1.4167867393971
-2.07266571082697,1.37878619830477
-2.07387413132957,1.34077063112952
-2.07504766059855,1.3027404233202
-2.0761862724358,1.26469596063232
-2.07728994176504,1.22663762912085
-2.07835864463298,1.18856581513304
-2.07939235821045,1.15048090530116
-2.08039106079352,1.11238328653528
-2.08135473180444,1.074273346016
-2.08228335179263,1.03615147118716
-2.0831769024355,0.998018049748513
-2.08403536653932,0.959873469648509
-2.08485872803993,0.921718119076834
-2.0856469720034,0.883552386457147
-2.08640008462668,0.84537666043968
-2.08711805323809,0.807191329893889
-2.08780086629785,0.768996783901015
-2.08844851339847,0.730793411746711
-2.08906098526509,0.692581602913642
-2.08963827375575,0.654361747073988
-2.09018037186162,0.616134234082048
-2.09068727370717,0.577899453966787
-2.09115897455017,0.539657796924333
-2.0915954707818,0.501409653310512
-2.09199675992652,0.463155413633411
-2.09236284064202,0.424895468545786
-2.09269371271896,0.386630208837602
-2.09298937708078,0.34836002542857
-2.09324983578335,0.310085309360551
-2.0934750920146,0.271806451789996
-2.09366515009407,0.233523843980532
-2.09382001547236,0.195237877295319
-2.09393969473062,0.156948943189495
-2.09402419557982,0.118657433202721
-2.0940735268601,0.0803637389514876
-2.09408769853994,0.0420682521216518
-2.09406672171537,0.00377136446080819
-2.09401060860898,-0.0345265322292135
-2.09391937256904,-0.0728250461000106
-2.09379302806835,-0.111123785264111
-2.09363159070324,-0.149422357802582
-2.09343507719231,-0.187720371772594
-2.09320350537522,-0.226017435214996
-2.09293689421141,-0.264313156161957
-2.0926352637787,-0.30260714264441
-2.09229863527186,-0.340899002699766
-2.09192703100112,-0.379188344379415
-2.09152047439059,-0.417474775756297
-2.09107898997669,-0.4557579049325
-2.09060260340635,-0.494037340046819
-2.09009134143535,-0.532312689282282
-2.08954523192646,-0.570583560873765
-2.08896430384756,-0.608849563115511
-2.08834858726967,-0.647110304368648
-2.08769811336501,-0.685365393068809
-2.08701291440481,-0.723614437733586
-2.08629302375729,-0.761857046970125
-2.08553847588536,-0.800092829482543
-2.08474930634444,-0.838321394079573
-2.08392555178008,-0.876542349681981
-2.08306724992556,-0.914755305330039
-2.08217443959952,-0.952959870191095
-2.08124716070333,-0.991155653566979
-2.08028545421863,-1.02934226490146
-2.07928936220461,-1.06751931378774
-2.07825892779535,-1.10568640997588
-2.07719419519706,-1.14384316338018
-2.07609520968528,-1.18198918408667
-2.07496201760193,-1.22012408236044
-2.07379466635248,-1.25824746865305
-2.07259320440284,-1.29635895360994
-2.07135768127638,-1.33445814807771
-2.0700881475508,-1.37254466311151
-2.0687846548549,-1.41061810998238
-2.06744725586541,-1.44867810018452
-2.06607600430366,-1.48672424544256
-2.06467095493223,-1.52475615771894
-2.06323216355158,-1.56277344922102
-2.0617596869965,-1.60077573240843
-2.06025358313266,-1.63876262000025
-2.05871391085302,-1.67673372498218
-2.05714073007413,-1.71468866061375
-2.05553410173253,-1.75262704043551
-2.0538940877809,-1.79054847827605
-2.05222075118433,-1.82845258825927
-2.05051415591644,-1.86633898481136
-2.04877436695543,-1.9042072826679
-2.04700145028015,-1.94205709688094
-2.04519547286605,-1.97988804282598
-2.04335650268112,-2.017699736209
-2.04148460868175,-2.05549179307339
-2.03957986080853,-2.093263829807
-2.03764232998203,-2.13101546314897
-2.03567208809851,-2.16874631019664
-2.03366920802557,-2.20645598841248
-2.03163376359775,-2.24414411563092
-2.02956582961209,-2.28181031006512
-2.02746548182366,-2.3194541903138
-2.02533279694096,-2.35707537536807
-2.02316785262139,-2.39467348461799
-2.02097072746652,-2.43224813785952
-2.01874150101749,-2.46979895530098
-2.0164802537502,-2.50732555756978
-2.01418706707053,-2.54482756571916
-2.01186202330952,-2.58230460123453
-2.00950520571846,-2.61975628604025
-2.00711669846398,-2.65718224250608
-2.00469658662303,-2.69458209345361
-2.00224495617791,-2.7319554621628
-1.99976189401113,-2.76930197237842
-1.99724748790035,-2.80662124831641
-1.99470182651319,-2.84391291467023
-1.992124999402,-2.88117659661724
-1.98951709699868,-2.91841191982493
-1.98687821060929,-2.95561851045729
-1.98420843240879,-2.99279599518091
-1.98150785543562,-3.02994400117125
-1.97877657358629,-3.0670621561188
-1.97601468160991,-3.10415008823514
-1.9732222751027,-3.14120742625909
-1.97039945050241,-3.17823379946276
-1.96754630508278,-3.21522883765745
-1.96466293694787,-3.25219217119981
-1.96174944502641,-3.28912343099761
-1.95880592906614,-3.32602224851567
-1.95583248962797,-3.36288825578187
-1.95282922808032,-3.39972108539274
-1.94979624659318,-3.43652037051937
-1.94673364813236,-3.47328574491323
-1.94364153645354,-3.51001684291166
-1.94052001609636,-3.54671329944373
-1.93736919237848,-3.58337475003579
-1.93418917138953,-3.62000083081701
-1.93098005998513,-3.656591178525
-1.92774196578082,-3.69314543051129
-1.92447499714593,-3.72966322474673
-1.92117926319749,-3.766144199827
-1.91785487379404,-3.80258799497793
-1.91450193952943,-3.83899425006082
-1.91112057172665,-3.8753626055778
-1.9077108824315,-3.91169270267703
-1.90427298440636,-3.94798418315789
-1.90080699112382,-3.98423668947621
-1.89731301676041,-4.02044986474931
-1.89379117619016,-4.05662335276117
-1.89024158497823,-4.09275679796734
-1.88666435937448,-4.12884984550006
-1.88305961630699,-4.16490214117312
-1.87942747337563,-4.20091333148677
-1.87576804884549,-4.23688306363261
-1.87208146164039,-4.27281098549837
-1.8683678313363,-4.30869674567269
-1.86462727815476,-4.34453999344981
-1.86085992295631,-4.38034037883433
-1.85706588723379,-4.41609755254569
-1.85324529310574,-4.4518111660229
-1.84939826330971,-4.48748087142903
-1.84552492119558,-4.52310632165561
-1.8416253907188,-4.55868717032727
-1.83769979643371,-4.59422307180591
-1.83374826348673,-4.62971368119518
-1.82977091760962,-4.66515865434486
-1.82576788511266,-4.70055764785491
-1.82173929287784,-4.7359103190798
-1.81768526835205,-4.77121632613279
-1.81360593954018,-4.80647532788975
-1.80950143499833,-4.8416869839935
-1.80537188382683,-4.87685095485773
-1.80121741566344,-4.91196690167093
-1.79703816067635,-4.94703448640036
-1.79283424955733,-4.98205337179598
-1.78860581351472,-5.01702322139413
-1.78435298426651,-5.05194369952148
-1.78007589403337,-5.08681447129866
-1.77577467553167,-5.12163520264393
-1.77144946196645,-5.15640556027692
-1.76710038702448,-5.19112521172211
-1.76272758486718,-5.22579382531241
-1.75833119012365,-5.26041107019266
-1.75391133788359,-5.29497661632306
-1.74946816369027,-5.32949013448256
-1.74500180353349,-5.36395129627221
-1.7405123938425,-5.39835977411845
-1.73600007147895,-5.43271524127639
-1.7314649737298,-5.4670173718329
-1.72690723830021,-5.50126584070992
-1.72232700330652,-5.53546032366742
-1.71772440726908,-5.56960049730654
-1.71309958910523,-5.60368603907254
-1.7084526881221,-5.63771662725776
-1.70378384400958,-5.67169194100455
-1.69909319683319,-5.70561166030814
-1.69438088702694,-5.73947546601936
-1.68964705538625,-5.77328303984746
-1.68489184306079,-5.80703406436287
-1.68011539154739,-5.84072822299975
-1.67531784268293,-5.87436520005864
-1.67049933863717,-5.90794468070909
-1.6656600219057,-5.94146635099207
-1.66080003530274,-5.9749298978225
-1.65591952195409,-6.00833500899165
-1.65101862528998,-6.0416813731695
-1.64609748903795,-6.07496867990708
-1.64115625721575,-6.10819661963868
-1.63619507412424,-6.14136488368416
-1.63121408434025,-6.17447316425107
-1.62621343270955,-6.20752115443677
-1.62119326433965,-6.24050854823052
-1.6161537245928,-6.27343504051554
-1.61109495907888,-6.30630032707093
-1.60601711364828,-6.33910410457364
-1.60092033438489,-6.37184607060036
-1.59580476759899,-6.40452592362931
-1.59067055982021,-6.43714336304214
-1.58551785779048,-6.46969808912553
-1.58034680845699,-6.50218980307295
-1.57515755896516,-6.53461820698637
-1.56995025665161,-6.56698300387776
-1.56472504903716,-6.59928389767065
-1.5594820838198,-6.63152059320176
-1.55422150886776,-6.66369279622229
-1.54894347221246,-6.69580021339943
-1.54364812204158,-6.72784255231777
-1.53833560669213,-6.75981952148046
-1.53300607464345,-6.79173083031066
-1.52765967451032,-6.82357618915268
-1.52229655503603,-6.85535530927315
-1.5169168650855,-6.8870679028622
-1.51152075363837,-6.91871368303455
-1.50610836978214,-6.95029236383049
-1.50067986270531,-6.98180366021698
-1.49523538169054,-7.01324728808854
-1.48977507610786,-7.04462296426815
-1.48429909540779,-7.07593040650818
-1.47880758911461,-7.10716933349118
-1.47330070681959,-7.13833946483062
-1.46777859817419,-7.16944052107168
-1.46224141288338,-7.20047222369191
-1.45668930069888,-7.23143429510189
-1.45112241141247,-7.26232645864583
-1.44554089484936,-7.29314843860211
-1.43994490086145,-7.32389996018384
-1.43433457932077,-7.3545807495393
-1.42871008011281,-7.38519053375236
-1.42307155312996,-7.41572904084293
-1.41741914826492,-7.44619599976722
-1.41175301540415,-7.47659114041818
-1.40607330442135,-7.50691419362557
-1.40038016517094,-7.53716489115635
-1.39467374748158,-7.56734296571482
-1.38895420114972,-7.59744815094271
-1.38322167593319,-7.62748018141932
-1.3774763215447,-7.65743879266161
-1.37171828764555,-7.68732372112415
-1.36594772383924,-7.71713470419912
-1.36016477966509,-7.74687148021634
-1.354369604592,-7.77653378844302
-1.3485623480121,-7.80612136908375
-1.34274315923454,-7.83563396328026
-1.33691218747924,-7.86507131311121
-1.33106958187067,-7.89443316159197
-1.3252154914317,-7.92371925267431
-1.31935006507745,-7.95292933124603
-1.31347345160914,-7.98206314313067
-1.30758579970803,-8.01112043508708
-1.30168725792933,-8.04010095480892
-1.29577797469618,-8.06900445092429
-1.28985809829365,-8.09783067299513
-1.28392777686274,-8.12657937151673
-1.27798715839445,-8.1552502979171
-1.27203639072387,-8.1838432045564
-1.26607562152428,-8.21235784472622
-1.2601049983013,-8.24079397264898
-1.25412466838707,-8.2691513434771
-1.24813477893445,-8.29742971329239
-1.24213547691127,-8.32562883910507
-1.23612690909458,-8.35374847885311
-1.23010922206499,-8.38178839140131
-1.22408256220097,-8.40974833654037
-1.21804707567322,-8.43762807498607
-1.2120029084391,-8.4654273683782
-1.20595020623704,-8.49314597927964
-1.19988911458102,-8.52078367117537
-1.19381977875505,-8.54834020847133
-1.18774234380775,-8.5758153564934
-1.18165695454686,-8.60320888148632
-1.17556375553389,-8.63052055061248
-1.16946289107876,-8.65775013195077
-1.16335450523443,-8.68489739449543
-1.15723874179166,-8.71196210815475
-1.1511157442737,-8.73894404374987
-1.14498565593115,-8.76584297301343
-1.13884861973669,-8.79265866858835
-1.13270477837996,-8.81939090402638
-1.12655427426249,-8.84603945378683
-1.12039724949256,-8.87260409323506
-1.1142338458802,-8.89908459864123
-1.10806420493218,-8.92548074717863
-1.10188846784702,-8.95179231692238
-1.09570677551012,-8.97801908684787
-1.08951926848881,-9.00416083682917
-1.08332608702749,-9.03021734763763
-1.07712737104289,-9.05618840094013
-1.07092326011921,-9.08207377929758
-1.06471389350341,-9.1078732661633
-1.05849941010053,-9.13358664588135
-1.052279948469,-9.15921370368479
-1.046055646816,-9.18475422569413
-1.0398266429929,-9.21020799891549
-1.03359307449073,-9.2355748112389
-1.02735507843561,-9.26085445143656
-1.02111279158433,-9.28604670916105
-1.0148663503199,-9.31115137494349
-1.00861589064716,-9.33616824019176
-1.00236154818845,-9.36109709718863
-0.996103458179233,-9.38593773908991
-0.989841755463907,-9.41068995992256
-0.983576574491506,-9.43535355458278
-0.97730804931154,-9.4599283188341
-0.97103631356982,-9.48441404930544
-0.964761500504367,-9.50881054348912
-0.958483742941317,-9.53311759973892
-0.952203173290904,-9.55733501726809
-0.945919923543461,-9.58146259614732
-0.939634125265463,-9.60550013730268
-0.933345909595628,-9.62944744251364
-0.927055407241031,-9.65330431441097
-0.920762748473277,-9.67707055647469
-0.914468063124735,-9.70074597303193
-0.908171480584741,-9.7243303692549
-0.90187312979594,-9.74782355115869
-0.89557313925059,-9.77122532559919
-0.889271636986941,-9.79453550027091
-0.882968750585657,-9.81775388370486
-0.876664607166262,-9.84088028526633
-0.870359333383652,-9.86391451515273
-0.864053055424626,-9.88685638439132
-0.857745899004454,-9.90970570483719
-0.851437989363518,-9.93246228917079
-0.845129451263969,-9.95512595089584
-0.838820408986423,-9.97769650433711
-0.832510986326708,-10.000173764638
-0.826201306592677,-10.0225575477586
-0.819891492600979,-10.0448476704729
-0.813581666673993,-10.0670439503671
-0.8072719506367,-10.0891462058368
-0.80096246581364,-10.1111542560851
-0.79465333302592,-10.1330679211199
-0.788344672588245,-10.154887021752
-0.782036604305978,-10.1766113795925
-0.775729247472285,-10.1982408170505
-0.76942272086528,-10.2197751573309
-0.763117142745214,-10.2412142244316
-0.756812630851762,-10.2625578431421
-0.750509302401251,-10.2838058390399
-0.74420727408403,-10.3049580384893
-0.73790666206181,-10.3260142686382
-0.731607581965093,-10.346974357416
-0.725310148890604,-10.3678381335315
-0.719014477398793,-10.3886054264701
-0.712720681511364,-10.4092760664916
-0.706428874708857,-10.4298498846279
-0.70013916992824,-10.4503267126804
-0.693851679560588,-10.4707063832178
-0.687566515448779,-10.4909887295736
-0.681283788885218,-10.5111735858436
-0.675003610609625,-10.5312607868839
-0.668726090806844,-10.551250168308
-0.662451339104735,-10.5711415664847
-0.656179464572038,-10.5909348185356
-0.649910575716332,-10.6106297623328
-0.643644780482026,-10.6302262364963
-0.637382186248371,-10.6497240803919
-0.631122899827518,-10.6691231341284
-0.624867027462647,-10.6884232385557
-0.618614674826091,-10.7076242352619
-0.612365947017524,-10.7267259665713
-0.606120948562195,-10.7457282755417
-0.599879783409181,-10.7646310059622
-0.593642554929716,-10.783434002351
-0.587409365915505,-10.8021371099524
-0.581180318577126,-10.8207401747351
-0.574955514542468,-10.8392430433894
-0.568735054855163,-10.8576455633251
-0.562519039973125,-10.875947582669
-0.556307569767066,-10.8941489502622
-0.5501007435191,-10.9122495156586
-0.543898659921344,-10.9302491291217
-0.537701417074609,-10.9481476416227
-0.531509112487061,-10.965944904838
-0.525321843072993,-10.9836407711472
-0.519139705151591,-11.00123509363
-0.512962794445745,-11.0187277260648
-0.506791206080911,-11.0361185229259
-0.500625034584012,-11.0534073393812
-0.494464373882339,-11.0705940312901
-0.488309317302555,-11.087678455201
-0.482159957569692,-11.1046604683492
-0.476016386806177,-11.1215399286546
-0.469878696530941,-11.1383166947193
-0.463746977658535,-11.1549906258255
-0.457621320498261,-11.1715615819335
-0.451501814753414,-11.1880294236788
-0.445388549520466,-11.2043940123705
-0.439281613288368,-11.220655209989
-0.433181093937838,-11.2368128791835
-0.427087078740724,-11.2528668832702
-0.420999654359353,-11.2688170862298
-0.414918906845969,-11.2846633527057
-0.408844921642186,-11.3004055480015
-0.402777783578451,-11.3160435380791
-0.396717576873601,-11.3315771895564
-0.390664385134398,-11.3470063697057
-0.384618291355128,-11.3623309464506
-0.378579377917238,-11.3775507883652
-0.372547726588994,-11.392665764671
-0.366523418525187,-11.4076757452353
-0.360506534266859,-11.4225806005693
-0.354497153741087,-11.4373802018257
-0.348495356260769,-11.452074420797
-0.342501220524478,-11.4666631299135
-0.336514824616321,-11.481146202241
-0.330536246005864,-11.4955235114795
-0.324565561548046,-11.5097949319605
-0.318602847483183,-11.5239603386457
-0.312648179436942,-11.5380196071247
-0.306701632420411,-11.5519726136135
-0.300763280830161,-11.5658192349521
-0.294833198448335,-11.5795593486031
-0.288911458442823,-11.59319283265
-0.282998133367405,-11.6067195657947
-0.277093295161944,-11.6201394273564
-0.271197015152667,-11.6334522972695
-0.265309364052397,-11.6466580560819
-0.259430411960847,-11.6597565849535
-0.253560228364969,-11.6727477656539
-0.247698882139321,-11.6856314805613
-0.241846441546427,-11.6984076126607
-0.236002974237239,-11.711076045542
-0.230168547251562,-11.7236366633986
-0.224343227018554,-11.7360893510257
-0.218527079357238,-11.7484339938188
-0.212720169477047,-11.7606704777721
-0.206922561978377,-11.7727986894767
-0.201134320853244,-11.7848185161197
-0.195355509485854,-11.796729845482
-0.189586190653312,-11.8085325659373
-0.183826426526292,-11.8202265664504
-0.178076278669758,-11.831811736576
-0.172335808043721,-11.8432879664569
-0.166605075004023,-11.8546551468231
-0.160884139303108,-11.8659131689903
-0.155173060090897,-11.8770619248581
-0.149471895915623,-11.8881013069095
-0.143780704724729,-11.8990312082089
-0.138099543865781,-11.9098515224012
-0.132428470087408,-11.9205621437107
-0.126767539540271,-11.9311629669393
-0.121116807778068,-11.9416538874661
-0.115476329758541,-11.9520348012456
-0.109846159844544,-11.9623056048068
-0.104226351805088,-11.9724661952523
-0.0986169588164745,-11.9825164702569
-0.0930180334633896,-11.9924563280666
-0.087429627740089,-12.0022856674978
-0.081851793051537,-12.0120043879361
-0.0762845802146246,-12.0216123893353
-0.0707280394593957,-12.0311095722167
-0.0651822204302956,-12.0404958376678
-0.0596471721874333,-12.0497710873419
-0.0541229432078975,-12.0589352234568
-0.0486095813870624,-12.067988148794
-0.0431071340399279,-12.0769297666983
-0.0376156479025083,-12.0857599810767
-0.0321351691331921,-12.0944786963976
-0.0266657433141871,-12.1030858176903
-0.0212074154529281,-12.1115812505441
-0.0157602299835519,-12.1199649011078
-0.010324230768369,-12.1282366760891
-0.00489946109937225,-12.1363964827538
0.000514036300255598,-12.1444442289255
0.00591621927457942,-12.1523798229846
0.0113070462333483,-12.1602031738685
0.0166864761504375,-12.1679141910706
0.0220544685621994,-12.1755127846397
0.0274109835658594,-12.1829988651802
0.0327559818178648,-12.1903723438513
0.0380894245322343,-12.1976331323666
0.0434112734788228,-12.2047811429941
0.0487214909816749,-12.2118162885554
0.0540200399172579,-12.2187384824261
0.0593068837127319,-12.225547638535
0.0645819863441762,-12.2322436713642
0.0698453123348258,-12.2388264959488
0.0750968267532485,-12.245296027877
0.0803364952115473,-12.2516521832896
0.0855642838634983,-12.2578948788803
0.0907801594027255,-12.2640240318956
0.0959840890608094,-12.2700395601346
0.101176040605396,-12.2759413819492
0.106355982338315,-12.2817294162442
0.111523883093622,-12.2874035824773
0.11667971223569,-12.2929638006593
0.121823439657237,-12.2984099913541
0.126955035777361,-12.3037420756793
0.132074471539546,-12.308959975306
0.137181718409673,-12.3140636124591
0.142276748373986,-12.3190529099181
0.147359533937061,-12.3239277910168
0.152430048119781,-12.3286881796442
0.157488264457227,-12.3333340002444
0.162534156996652,-12.3378651778175
0.167567700295345,-12.3422816379198
0.172588869418566,-12.3465833066645
0.177597639937384,-12.350770110722
0.182593987926575,-12.3548419773208
0.187577889962467,-12.3587988342479
0.192549323120786,-12.3626406098493
0.197508264974456,-12.3663672330311
0.202454693591455,-12.3699786332601
0.207388587532589,-12.3734747405643
0.212309925849276,-12.3768554855338
0.217218688081378,-12.3801207993221
0.222114854254873,-12.3832706136461
0.226998404879711,-12.3863048607878
0.231869320947486,-12.3892234735948
0.236727583929193,-12.3920263854814
0.24157317577296,-12.3947135304298
0.246406078901735,-12.3972848429906
0.251226276210996,-12.3997402582847
0.256033751066461,-12.4020797120038
0.260828487301733,-12.4043031404115
0.265610469215991,-12.4064104803451
0.270379681571633,-12.4084016692164
0.275136109591969,-12.410276645013
0.279879738958795,-12.4120353462995
0.284610555810083,-12.4136777122195
0.289328546737583,-12.415203682496
0.294033698784435,-12.4166131974336
0.298725999442768,-12.4179061979195
0.303405436651336,-12.4190826254255
0.30807199879305,-12.4201424220088
0.312725674692611,-12.4210855303144
0.317366453614065,-12.421911893576
0.321994325258365,-12.422621455618
0.326609279760925,-12.4232141608574
0.331211307689221,-12.423689954305
0.335800400040263,-12.4240487815675
0.340376548238197,-12.4242905888493
0.34493974413181,-12.4244153229541
0.349489979992058,-12.4244229312871
0.354027248509597,-12.4243133618567
0.358551542792288,-12.4240865632767
0.363062856362714,-12.4237424847677
0.367561183155687,-12.42328107616
0.372046517515736,-12.4227022878949
0.376518854194611,-12.4220060710272
0.380978188348771,-12.4211923772274
0.385424515536851,-12.4202611587835
0.389857831717186,-12.4192123686036
0.394278133245228,-12.4180459602182
0.398685416871069,-12.4167618877819
0.403079679736873,-12.4153601060766
0.407460919374368,-12.4138405705131
0.411829133702285,-12.4122032371342
0.416184321023825,-12.4104480626166
0.420526480024108,-12.4085750042735
0.424855609767632,-12.4065840200575
0.429171709695713,-12.4044750685627
0.433474779623932,-12.4022481090276
0.437764819739568,-12.3999031013377
0.44204183059908,-12.397440006028
0.446305813125483,-12.3948587842859
0.450556768605831,-12.392159397954
0.45479469868863,-12.3893418095329
0.459019605381282,-12.3864059821837
0.463231491047506,-12.3833518797313
0.467430358404777,-12.3801794666672
0.471616210521746,-12.3768887081524
0.475789050815684,-12.3734795700202
0.479948883049884,-12.3699520187796
0.484095711331119,-12.3663060216183
0.48822954010703,-12.3625415464055
0.492350374163592,-12.3586585616953
0.496458218622503,-12.3546570367299
0.500553078938635,-12.3505369414426
0.504634960897446,-12.3462982464614
0.508703870612416,-12.3419409231121
0.512759814522454,-12.3374649434213
0.516802799389354,-12.3328702801206
0.520832832295204,-12.3281569066493
0.524849920639805,-12.3233247971579
0.528854072138121,-12.3183739265121
0.532845294817696,-12.3133042702956
0.536823597016097,-12.3081158048144
0.540788987378342,-12.3028085070998
0.544741474854327,-12.2973823549124
0.548681068696272,-12.2918373267456
0.552607778456157,-12.2861734018292
0.556521613983166,-12.2803905601336
0.560422585421124,-12.2744887823731
0.564310703205951,-12.2684680500098
0.568185978063098,-12.2623283452579
0.572048421005002,-12.2560696510869
0.575898043328535,-12.2496919512261
0.579734856612484,-12.2431952301682
0.583558872714961,-12.2365794731736
0.587370103770915,-12.2298446662742
0.591168562189566,-12.2229907962775
0.594954260651886,-12.2160178507711
0.59872721210807,-12.208925818126
0.602487429774992,-12.2017146875018
0.606234927133728,-12.1943844488502
0.609969717926984,-12.1869350929194
0.613691816156623,-12.1793666112586
0.617401236081142,-12.1716789962221
0.621097992213175,-12.1638722409739
0.624782099316965,-12.1559463394917
0.628453572405909,-12.1479012865718
0.632112426740035,-12.1397370778331
0.635758677823517,-12.1314537097221
0.639392341402219,-12.1230511795169
0.643013433461182,-12.114529485332
0.646621970222181,-12.1058886261233
0.650217968141236,-12.0971286016918
0.653801443906162,-12.0882494126893
0.657372414434107,-12.0792510606222
0.660930896869106,-12.0701335478569
0.664476908579615,-12.0608968776243
0.668010467156114,-12.0515410540244
0.671531590408609,-12.0420660820315
0.675040296364264,-12.0324719674989
0.678536603264939,-12.0227587171637
0.682020529564784,-12.0129263386517
0.68549209392784,-12.0029748404826
0.688951315225602,-11.9929042320749
0.692398212534657,-11.9827145237507
0.695832805134262,-11.972405726741
0.699255112503982,-11.9619778531907
0.702665154321281,-11.9514309161636
0.70606295045918,-11.9407649296477
0.709448520983874,-11.9299799085603
0.71282188615237,-11.9190758687533
0.716183066410136,-11.9080528270181
0.719532082388759,-11.8969108010913
0.722868954903615,-11.8856498096596
0.726193704951509,-11.8742698723655
0.729506353708367,-11.8627710098122
0.732806922526942,-11.8511532435693
0.736095432934449,-11.839416596178
0.739371906630307,-11.8275610911569
0.742636365483834,-11.8155867530068
0.745888831531946,-11.8034936072167
0.749129326976871,-11.7912816802693
0.752357874183923,-11.7789509996461
0.755574495679175,-11.7665015938334
0.758779214147236,-11.7539334923277
0.761972052428998,-11.7412467256414
0.765153033519381,-11.7284413253081
0.768322180565121,-11.7155173238887
0.771479516862535,-11.702474754977
0.774625065855277,-11.689313653205
0.777758851132184,-11.6760340542491
0.780880896425003,-11.6626359948357
0.783991225606271,-11.6491195127469
0.787089862687082,-11.6354846468263
0.790176831814933,-11.6217314369848
0.79325215727152,-11.6078599242066
0.796315863470637,-11.593870150555
0.799367974955981,-11.579762159178
0.802408516399015,-11.5655359943147
0.805437512596856,-11.5511917013007
0.808454988470114,-11.5367293265745
0.811460969060808,-11.5221489176831
0.814455479530242,-11.5074505232882
0.81743854515691,-11.4926341931722
0.820410191334399,-11.477699978244
0.823370443569318,-11.4626479305452
0.826319327479219,-11.4474781032561
0.829256868790529,-11.432190550702
0.832183093336507,-11.4167853283588
0.835098027055189,-11.4012624928594
0.838001695987356,-11.385622102
0.840894126274493,-11.3698642147457
0.84377534415679,-11.3539888912372
0.846645375971134,-11.3379961927965
0.849504248149072,-11.3218861819336
0.852351987214874,-11.3056589223519
0.855188619783501,-11.2893144789553
0.858014172558689,-11.2728529178536
0.860828672330904,-11.2562743063694
0.863632145975472,-11.2395787130437
0.866424620450584,-11.2227662076428
0.869206122795382,-11.2058368611639
0.871976680128018,-11.1887907458419
0.874736319643754,-11.1716279351551
0.877485068613036,-11.1543485038323
0.880222954379615,-11.1369525278583
0.882950004358638,-11.1194400844804
0.885666246034818,-11.101811252215
0.888371706960473,-11.0840661108538
0.891066414753767,-11.0662047414697
0.893750397096792,-11.0482272264237
0.896423681733772,-11.0301336493709
0.899086296469175,-11.0119240952667
0.901738269165955,-10.9935986503737
0.904379627743708,-10.9751574022673
0.907010400176868,-10.9566004398426
0.909630614492912,-10.9379278533205
0.912240298770614,-10.9191397342541
0.914839481138207,-10.9002361755349
0.91742818977167,-10.8812172713994
0.920006452892958,-10.8620831174352
0.922574298768267,-10.8428338105875
0.925131755706268,-10.8234694491655
0.92767885205642,-10.8039901328485
0.930215616207235,-10.7843959626922
0.932742076584571,-10.7646870411355
0.93525826164994,-10.7448634720064
0.937764199898827,-10.7249253605283
0.940259919858992,-10.7048728133266
0.942745450088835,-10.6847059384349
0.945220819175721,-10.6644248453013
0.947686055734304,-10.6440296447944
0.950141188404953,-10.6235204492102
0.952586245852054,-10.6028973722779
0.955021256762453,-10.5821605291663
0.957446249843796,-10.5613100364901
0.959861253822955,-10.5403460123161
0.962266297444434,-10.5192685761696
0.964661409468791,-10.4980778490404
0.96704661867105,-10.4767739533892
0.969421953839165,-10.4553570131535
0.971787443772455,-10.4338271537544
0.974143117280056,-10.412184502102
