0.0195,0.0831777723889265,-0.00528973359334094,-0.0571807000968392,0,0.0831777723889265,0.00323560015625905,0.0571807000968392
0.0194984541849789,0.0833160618781698,-0.0052858012587285,-0.0573249724365741,0.000245528809469904,0.0833160618781698,0.00352282679730394,0.0573249724365741
0.019493816984997,0.083452772263324,-0.00528482244042605,-0.0574705322870898,0.000491018691542701,0.083452772263324,0.0038105108552437,0.0574705322870898
0.0194860891352597,0.0835878741374684,-0.00528679477287672,-0.057617365338936,0.000736430724993033,0.0835878741374684,0.00409860604374062,0.057617365338936
0.0194752718609801,0.0837213383670608,-0.00529171542861739,-0.0577654571577295,0.00098172600093806,0.0837213383670608,0.00438706601287773,0.0577654571577296
0.0194613668771842,0.0838531361013938,-0.00529958112030428,-0.0579147931818617,0.00122686562900628,0.0838531361013938,0.00467584435692997,0.0579147931818617
0.0194443763884396,0.0839832387819765,-0.00531038810280122,-0.0580653587201743,0.0014718107435034,0.0839832387819765,0.00496489462214158,0.0580653587201743
0.0194243030885055,0.0841116181518359,-0.0053241321753298,-0.0582171389496077,0.00171652250957431,0.0841116181518359,0.00525417031450804,0.0582171389496077
0.0194011501599059,0.0842382462647348,-0.00534080868367989,-0.0583701189128216,0.00196096212936015,0.0842382462647348,0.00554362490756137,0.0583701189128217
0.0193749212734248,0.084363095494301,-0.00536041252247926,-0.0585242835157905,0.00220509084814954,0.084363095494301,0.00583321185015712,0.0585242835157906
0.0193456205875244,0.0844861385430642,-0.00538293813752129,-0.0586796175253752,0.00244886996052293,0.0844861385430642,0.00612288457426159,0.0586796175253752
0.0193132527476859,0.0846073484513969,-0.00540837952814943,-0.0588361055668731,0.00269226081648917,0.0846073484513969,0.00641259650273796,0.0588361055668731
0.0192778228856726,0.0847266986063553,-0.00543673024969708,-0.0589937321215485,0.00293522482761326,0.0847266986063553,0.00670230105712973,0.0589937321215485
0.0192393366187166,0.0848441627504145,-0.005467983415982,-0.0591524815241457,0.00317772347313439,0.0848441627504145,0.00699195166544005,0.0591524815241458
0.0191978000486282,0.0849597149900984,-0.00550213170185385,-0.059312337960386,0.00341971830607318,0.0849597149900984,0.0072815017699056,0.059312337960386
0.0191532197608282,0.0850733298044951,-0.00553916734579373,-0.0594732854644516,0.0036611709593273,0.0850733298044951,0.00757090483476342,0.0594732854644516
0.0191056028233041,0.0851849820536596,-0.00557908215256458,-0.0596353079164596,0.00390204315175437,0.0851849820536596,0.00786011435400942,0.0596353079164596
0.0190549567854897,0.0852946469868959,-0.00562186749591143,-0.0597983890399262,0.00414229669424122,0.0852946469868959,0.00814908385914701,0.0597983890399262
0.0190012896770674,0.0854023002509177,-0.00566751432131005,-0.0599625123992261,0.00438189349575865,0.0854023002509177,0.00843776692692452,0.0599625123992261
0.0189446100066961,0.0855079178978835,-0.00571601314876328,-0.0601276613970477,0.00462079556940052,0.0855079178978835,0.00872611718706,0.0601276613970478
0.0188849267606614,0.0856114763933027,-0.00576735407564372,-0.0602938192718491,0.00485896503840642,0.0856114763933027,0.00901408832995195,0.0602938192718491
0.0188222494014514,0.0857129526238091,-0.00582152677958159,-0.0604609690953147,0.00509636414216683,0.0857129526238091,0.00930163411437464,0.0604609690953147
0.0187565878662561,0.0858123239048001,-0.00587852052139695,-0.0606290937698184,0.0053329552422099,0.0858123239048001,0.00958870837515654,0.0606290937698184
0.0186879525653923,0.0859095679879369,-0.00593832414807509,-0.060798176025894,0.00556870082816883,0.0859095679879369,0.00987526503084067,0.060798176025894
0.0186163543806526,0.0860046630685038,-0.00600092609578391,-0.0609681984197179,0.00580356352372896,0.0860046630685038,0.0101612580913253,0.0609681984197179
0.0185418046635806,0.086097587792623,-0.00606631439293253,-0.0611391433306045,0.0060375060925536,0.086097587792623,0.0104466416654836,0.0611391433306045
0.0184643152336708,0.0861883212643233,-0.00613447666326988,-0.0613109929585212,0.00627049144418767,0.0861883212643233,0.0107313699687614,0.0613109929585212
0.0183838983764952,0.0862768430524582,-0.00620540012902237,-0.0614837293216228,0.00650248263993823,0.0862768430524582,0.0110153973307509,0.0614837293216228
0.0183005668417547,0.0863631331974725,-0.00627907161406954,-0.0616573342538113,0.00673344289873091,0.0863631331974725,0.0112986782027396,0.0616573342538113
0.0182143338412584,0.0864471722180139,-0.00635547754715697,-0.061831789402323,0.00696333560294136,0.0864471722180139,0.011581167165233,0.061831789402323
0.0181252130468286,0.0865289411173871,-0.00643460396514496,-0.062007076225347,0.00719212430420081,0.0865289411173871,0.0118628189354496,0.062007076225347
0.0180332185881332,0.0866084213898485,-0.00651643651629276,-0.0621831759896793,0.00741977272917481,0.0866084213898485,0.012143588374787,0.0621831759896793
0.0179383650504458,0.0866855950267391,-0.00660096046357663,-0.0623600697684146,0.00764624478531413,0.0866855950267391,0.012423430496258,0.0623600697684146
0.0178406674723329,0.0867604445224528,-0.00668816068804134,-0.062537738438682,0.00787150456657712,0.0867604445224528,0.0127023004718948,0.0625377384386821
0.0177401413432696,0.0868329528802388,-0.006778021692184,-0.0627161626794257,0.00809551635912238,0.0868329528802388,0.0129801536401206,0.0627161626794257
0.0176368026011842,0.0869031036178355,-0.00687052760336925,-0.0628953229692364,0.00831824464697105,0.0869031036178355,0.0132569455130878,0.0628953229692364
0.0175306676299311,0.0869708807729336,-0.00696566217727499,-0.0630751995842369,0.00853965411763771,0.0869708807729336,0.0135326317839794,0.0630751995842369
0.0174217532566931,0.0870362689084675,-0.00706340880136779,-0.0632557725960257,0.00875970966772895,0.0870362689084675,0.0138071683342755,0.0632557725960257
0.0173100767493137,0.0870992531177326,-0.00716375049840696,-0.0634370218696826,0.00897837640850891,0.0870992531177326,0.0140805112409811,0.0634370218696826
0.0171956558135593,0.0871598190293257,-0.00726666992997662,-0.0636189270618403,0.00919561967143066,0.0871598190293257,0.0143526167838147,0.0636189270618403
0.0170785085903122,0.0872179528119092,-0.00737214940004474,-0.0638014676188261,0.00941140501363276,0.0872179528119092,0.0146234414523574,0.0638014676188261
0.0169586536526941,0.087273641178795,-0.00748017085854831,-0.0639846227748786,0.00962569822339998,0.087273641178795,0.0148929419531601,0.0639846227748786
0.0168361100031217,0.0873268713923479,-0.00759071590500403,-0.064168371550442,0.00983846532558747,0.0873268713923479,0.0151610752168081,0.064168371550442
0.0167108970702938,0.0873776312682075,-0.00770376579214332,-0.064352692750543,0.0100496725870072,0.0873776312682075,0.0154277984049416,0.064352692750543
0.0165830347061114,0.0874259091793251,-0.0078193014295712,-0.0645375649632549,0.0102592865217765,0.0874259091793251,0.0156930689172318,0.064537564963255
0.0164525431825295,0.0874716940598167,-0.007937303387448,-0.0647229665582521,0.0104672738966267,0.0874716940598167,0.0159568443983106,0.0647229665582521
0.0163194431883438,0.0875149754086297,-0.00805775190019313,-0.0649088756854595,0.0106736017361723,0.0875149754086297,0.0162190827446523,0.0649088756854595
0.0161837558259102,0.0875557432930212,-0.00818062687021033,-0.0650952702738012,0.0108782373281391,0.0875557432930212,0.0164797421114079,0.0650952702738012
0.0160455026077993,0.0875939883518492,-0.00830590787163327,-0.0652821280300522,0.0110811482285505,0.0875939883518492,0.0167387809191892,0.0652821280300522
0.0159047054533855,0.0876297017986728,-0.00843357415409104,-0.0654694264377976,0.0112823022668713,0.0876297017986728,0.0169961578608019,0.0654694264377976
0.0157613866853721,0.0876628754246626,-0.0085636046464926,-0.0656571427565027,0.0114816675511083,0.0876628754246626,0.0172518319079275,0.0656571427565027
0.0156155690262519,0.0876935016013194,-0.00869597796082956,-0.0658452540206985,0.0116792124728666,0.0876935016013194,0.0175057623177518,0.0658452540206985
0.0154672755947045,0.0877215732830004,-0.00883067239599635,-0.0660337370392871,0.0118749057123607,0.0877215732830004,0.0177579086395396,0.0660337370392871
0.0153165299019315,0.0877470840092521,-0.00896766594162728,-0.0662225683949692,0.0120687162433805,0.0877470840092521,0.018008230721154,0.0662225683949692
0.0151633558479284,0.0877700279069495,-0.00910693628194962,-0.0664117244437994,0.0122606133382101,0.0877700279069495,0.0182566887155199,0.0664117244437995
0.0150077777176955,0.0877903996922407,-0.00924846079965199,-0.0666011813148726,0.0124505665724995,0.0877903996922407,0.01850324308703,0.0666011813148726
0.0148498201773877,0.0878081946722958,-0.00939221657976737,-0.0667909149101435,0.0126385458300885,0.0878081946722958,0.0187478546178927,0.0667909149101435
0.0146895082704039,0.0878234087468607,-0.00953818041357014,-0.066980900904386,0.0128245213077812,0.0878234087468607,0.0189904844144203,0.066980900904386
0.0145268674134163,0.0878360384096144,-0.00968632880248615,-0.0671711147452932,0.0130084635200712,0.0878360384096144,0.0192310939132574,0.0671711147452932
0.0143619233923408,0.0878460807493293,-0.0098366379620155,-0.0673615316537229,0.0131903433038164,0.0878460807493293,0.019469644887548,0.067361531653723
0.0141947023582486,0.0878535334508351,-0.00998908382566712,-0.0675521266240919,0.0133701318228629,0.0878535334508351,0.0197060994530395,0.0675521266240919
0.0140252308232205,0.087858394795785,-0.0101436420489045,-0.0677428744249211,0.0135478005726165,0.087858394795785,0.0199404200741244,0.0677428744249211
0.0138535356561429,0.0878606636632241,-0.0103002880131022,-0.0679337495995369,0.013723321384562,0.0878606636632241,0.020172569569817,0.0679337495995369
0.0136796440784487,0.087860339529961,-0.0104589968295114,-0.068124726466929,0.0138966664307294,0.087860339529961,0.0204025111196651,0.068124726466929
0.0135035836598007,0.0878574224707404,-0.0106197433432363,-0.0683157791227702,0.0140678082281059,0.0878574224707404,0.020630208269596,0.0683157791227702
0.0133253823137208,0.0878519131582185,-0.0107825021372171,-0.0685068814405993,0.0142367196429928,0.0878519131582185,0.0208556249376944,0.0685068814405993
0.0131450682931647,0.0878438128627407,-0.0109472475362226,-0.0686980070731694,0.0144033738953079,0.0878438128627407,0.0210787254199135,0.0686980070731694
0.0129626701860423,0.0878331234519208,-0.0111139536108493,-0.0688891294539664,0.0145677445628309,0.0878331234519208,0.0212994743957159,0.0688891294539664
0.0127782169106853,0.087819847390023,-0.0112825941815271,-0.0690802217988968,0.014729805585393,0.087819847390023,0.0215178369336461,0.0690802217988968
0.0125917377112623,0.087803987737146,-0.011453142822532,-0.0692712571081498,0.0148895312690082,0.087803987737146,0.0217337784968308,0.0692712571081498
0.0124032621531423,0.0877855481482109,-0.0116255728660032,-0.0694622081682338,0.0150468962899472,0.0877855481482109,0.0219472649484093,0.0694622081682338
0.0122128201182072,0.0877645328717505,-0.011799857405966,-0.0696530475541902,0.0152018756987522,0.0877645328717505,0.0221582625568899,0.0696530475541902
0.0120204418001142,0.0877409467485035,-0.0119759693023584,-0.0698437476319858,0.0153544449241927,0.0877409467485035,0.0223667380014344,0.0698437476319858
0.0118261576995089,0.0877147952098118,-0.0121538811850621,-0.0700342805610853,0.0155045797771609,0.0877147952098118,0.0225726583770677,0.0700342805610853
0.0116299986191893,0.0876860842758223,-0.0123335654579366,-0.0702246182972052,0.0156522564545069,0.0876860842758223,0.022775991199813,0.0702246182972052
0.0114319956592225,0.087654820553494,-0.012514994302855,-0.0704147325952506,0.0157974515428128,0.087654820553494,0.0229767044117513,0.0704147325952506
0.0112321802120134,0.0876210112344102,-0.0126981396837436,-0.0706045950124353,0.0159401420221043,0.0876210112344102,0.0231747663860043,0.0706045950124353
0.0110305839573283,0.0875846640923969,-0.0128829733506219,-0.0707941769115864,0.0160803052695007,0.0875846640923969,0.0233701459316404,0.0707941769115865
0.0108272388572715,0.0875457874809487,-0.0130694668436438,-0.0709834494646345,0.0162179190628018,0.0875457874809487,0.0235628122985022,0.0709834494646345
0.0106221771512186,0.0875043903304621,-0.0132575914971402,-0.0711723836562877,0.0163529615840107,0.0875043903304621,0.0237527351819568,0.0711723836562877
0.0104154313507044,0.0874604821452776,-0.0134473184436602,-0.0713609502878934,0.0164854114227933,0.0874604821452776,0.0239398847275646,0.0713609502878934
0.0102070342342689,0.0874140730005311,-0.0136386186180138,-0.0715491199814839,0.0166152475798726,0.0874140730005311,0.02412423153567,0.0715491199814839
0.00999701884225994,0.0873651735388168,-0.0138314627613118,-0.0717368631840089,0.0167424494703583,0.0873651735388168,0.0243057466659101,0.071736863184009
0.00978541847159533,0.0873137949666609,-0.0140258214250058,-0.0719241501717523,0.0168669969270099,0.0873137949666609,0.0244844016416427,0.0719241501717523
0.0095722666704834,0.0872599490508082,-0.0142216649749256,-0.0721109510549336,0.0169888702034347,0.0872599490508082,0.0246601684542918,0.0721109510549336
0.00935759723310424,0.0872036481143238,-0.0144189635953148,-0.0722972357824939,0.0171080499772183,0.0872036481143238,0.0248330195676109,0.072297235782494
0.0091414441942518,0.0871449050325088,-0.0146176872928633,-0.0724829741470647,0.0172245173529879,0.0871449050325088,0.0250029279218622,0.0724829741470647
0.0089238418239378,0.0870837332286337,-0.0148178059007373,-0.0726681357901172,0.0173382538654081,0.0870837332286337,0.0251698669379129,0.0726681357901173
0.00870482462195841,0.0870201466694894,-0.0150192890826055,-0.0728526902072947,0.0174492414821088,0.0870201466694894,0.025333810521246,0.0728526902072947
0.00848442731242446,0.0869541598607578,-0.0152221063366614,-0.0730366067539213,0.0175574626065439,0.0869541598607578,0.0254947330658868,0.0730366067539213
0.00826268483825614,0.0868857878422041,-0.0154262269996415,-0.07321985465069,0.017662900080781,0.0868857878422041,0.0256526094582434,0.07321985465069
0.00803963235564292,0.0868150461826912,-0.0156316202508391,-0.0734024029895253,0.017765537188222,0.0868150461826912,0.0258074150808612,0.0734024029895253
0.00781530522846974,0.0867419509750193,-0.0158382551161127,-0.0735842207396196,0.0178653576562534,0.0867419509750193,0.0259591258160908,0.0735842207396196
0.00758973902271021,0.0866665188305913,-0.0160461004718901,-0.0737652767536406,0.0179623456588261,0.0866665188305913,0.0261077180496682,0.0737652767536406
0.00736296950078784,0.0865887668739065,-0.0162551250491659,-0.073945539774108,0.0180564858189646,0.0865887668739065,0.0262531686742083,0.073945539774108
0.00713503261590605,0.0865087127368847,-0.0164652974374938,-0.074124978439936,0.0181477632112048,0.0865087127368847,0.0263954550926096,0.074124978439936
0.00690596450634796,0.0864263745530221,-0.016676586088973,-0.0743035612931397,0.0182361633639607,0.0864263745530221,0.0265345552213705,0.0743035612931397
0.00667580148974687,0.0863417709513816,-0.0168889593222277,-0.0744812567857022,0.0183216722618186,0.0863417709513816,0.0266704474938168,0.0744812567857022
0.00644458005732826,0.086254921050419,-0.0171023853263804,-0.074658033286599,0.0184042763477591,0.086254921050419,0.0268031108632395,0.074658033286599
0.00621233686812426,0.0861658444516487,-0.0173168321650184,-0.0748338590889774,0.0184839625253067,0.0861658444516487,0.0269325248059435,0.0748338590889774
0.0059791087431616,0.0860745612331497,-0.0175322677801532,-0.0750087024174863,0.018560718160606,0.0860745612331497,0.0270586693242053,0.0750087024174863
0.00574493265962375,0.0859810919429149,-0.0177486599961729,-0.0751825314357548,0.0186345310844246,0.0859810919429149,0.0271815249491409,0.0751825314357548
0.0055098457449884,0.0858854575920467,-0.0179659765237869,-0.0753553142540132,0.0187053895940831,0.0858854575920467,0.0273010727434827,0.0753553142540132
0.00527388527114109,0.0857876796478008,-0.0181841849639639,-0.0755270189368559,0.0187732824553098,0.0857876796478008,0.027417294304265,0.0755270189368559
0.00503708864846589,0.0856877800264808,-0.0184032528118615,-0.0756976135111394,0.018838198904022,0.0856877800264808,0.0275301717654187,0.0756976135111395
0.00479949341991423,0.0855857810861868,-0.0186231474607484,-0.075867065974014,0.0189001286480331,0.0855857810861868,0.0276396878002737,0.075867065974014
0.0045611372550526,0.0854817056194212,-0.0188438362059191,-0.0760353443010825,0.0189590618686836,0.0854817056194212,0.0277458256239697,0.0760353443010825
0.00432205794409023,0.0853755768455524,-0.0190652862486007,-0.076202416454684,0.0190149892223984,0.0853755768455524,0.0278485689957749,0.076202416454684
0.00408229339188763,0.0852674184031431,-0.0192874646998513,-0.0763682503922973,0.0190679018421679,0.0852674184031431,0.0279479022213122,0.0763682503922973
0.003841881611947,0.0851572543421421,-0.0195103385844515,-0.0765328140750596,0.019117791338954,0.0851572543421421,0.0280438101546926,0.0765328140750596
0.00360086072038533,0.0850451091159463,-0.0197338748447869,-0.0766960754763962,0.0191646498030198,0.0850451091159463,0.0281362782005565,0.0766960754763962
0.00335926892989129,0.0849310075733339,-0.0199580403447238,-0.0768580025907571,0.019208469805184,0.0849310075733339,0.0282252923160216,0.0768580025907571
0.00311714454366682,0.084814974950273,-0.0201828018734767,-0.0770185634424543,0.0192492443979988,0.084814974950273,0.0283108390125378,0.0770185634424543
0.00287452594935428,0.0846970368616085,-0.0204081261494675,-0.0771777260945978,0.0192869671168509,0.0846970368616085,0.0283929053576491,0.0771777260945979
0.00263145161295035,0.0845772192926317,-0.0206339798241782,-0.0773354586581225,0.019321631980987,0.0845772192926317,0.0284714789766625,0.0773354586581225
0.00238796007270737,0.0844555485905354,-0.0208603294859952,-0.0774917293009034,0.0193532334944617,0.0844555485905354,0.0285465480542233,0.0774917293009034
0.00214408993302334,0.0843320514557576,-0.0210871416640464,-0.0776465062569539,0.0193817666470089,0.0843320514557576,0.0286181013357968,0.0776465062569539
0.00189987985832136,0.0842067549332191,-0.0213143828320317,-0.0777997578357007,0.0194072269148363,0.0842067549332191,0.0286861281290577,0.0777997578357008
0.00165536856691955,0.0840796864034577,-0.0215420194120453,-0.0779514524313335,0.0194296102613422,0.0840796864034577,0.0287506183051847,0.0779514524313335
0.00141059482489248,0.0839508735736629,-0.0217700177783922,-0.0781015585322206,0.0194489131377562,0.0839508735736629,0.0288115623000628,0.0781015585322206
0.001165597439925,0.0838203444686152,-0.0219983442613975,-0.0782500447303896,0.0194651324837012,0.0838203444686152,0.0288689511153919,0.0782500447303896
0.000920415255159439,0.0836881274215346,-0.0222269651512097,-0.0783968797310645,0.0194782657276789,0.0836881274215346,0.0289227763197019,0.0783968797310645
0.000675087143037261,0.0835542510648412,-0.0224558467015977,-0.0785420323622571,0.0194883107874773,0.0835542510648412,0.0289730300492752,0.0785420323622571
0.000429651999135977,0.0834187443208337,-0.0226849551337417,-0.0786854715844063,0.0194952660705013,0.0834187443208337,0.0290197050089753,0.0786854715844064
0.000184148736002472,0.0832816363922885,-0.0229142566400192,-0.0788271665000599,0.0194991304740244,0.0832816363922885,0.0290627944729828,0.0788271665000599
-6.13837230163866e-05,0.0831429567529845,-0.0231437173877853,-0.0789670863635954,0.0194999033853645,0.0831429567529845,0.0291022922854391,0.0789670863635954
-0.000306906449944885,0.0830027351381581,-0.0233733035231485,-0.0791052005909738,0.01949758468198,0.0830027351381581,0.0291381928609958,0.0791052005909739
-0.000552380518350257,0.0828610015348931,-0.0236029811747416,-0.079241478769522,0.0194921747314903,0.0828610015348931,0.0291704911852735,0.0792414787695221
-0.000797767009514332,0.0827177861724484,-0.0238327164574893,-0.0793758906677382,0.0194836743916164,0.0827177861724484,0.0291991828152265,0.0793758906677382
-0.00104302701860388,0.082573119512531,-0.024062475476371,-0.079508406245116,0.0194720850100461,0.082573119512531,0.0292242638794168,0.079508406245116
-0.00128812166083878,0.0824270322395158,-0.0242922243301816,-0.0796389956619829,0.0194574084242192,0.0824270322395158,0.0292457310781949,0.0796389956619829
-0.00153301207765704,0.0822795552506194,-0.0245219291152883,-0.079767629289347,0.0194396469610371,0.0822795552506194,0.0292635816837899,0.079767629289347
-0.00177765944287557,0.0821307196460318,-0.0247515559293857,-0.0798942777187481,0.0194188034364931,0.0821307196460318,0.0292778135403076,0.0798942777187481
-0.00202202496884598,0.0819805567190097,-0.0249810708752493,-0.0800189117721088,0.0193948811552266,0.0819805567190097,0.029288425063638,0.0800189117721088
-0.00226606991260409,0.0818290979459388,-0.0252104400644867,-0.0801415025115803,0.0193678839099988,0.0818290979459388,0.0292954152412713,0.0801415025115803
-0.00250975558201247,0.0816763749763671,-0.0254396296212886,-0.0802620212493775,0.0193378159810915,0.0816763749763671,0.0292987836320242,0.0802620212493775
-0.00275304334189491,0.0815224196230175,-0.0256686056861793,-0.0803804395576019,0.0193046821356283,0.0815224196230175,0.0292985303656755,0.0803804395576019
-0.00299589462016179,0.081367263851781,-0.0258973344197669,-0.0804967292780436,0.0192684876268192,0.081367263851781,0.0292946561425117,0.0804967292780436
-0.00323827091392552,0.0812109397716986,-0.026125782006495,-0.0806108625319616,0.0192292381931273,0.0812109397716986,0.0292871622327842,0.0806108625319616
-0.00348013379560504,0.0810534796249359,-0.0263539146583948,-0.0807228117298363,0.019186940057359,0.0810534796249359,0.0292760504760765,0.0807228117298363
-0.00372144491901822,0.0808949157767547,-0.0265816986188395,-0.0808325495810896,0.0191415999256779,0.0808949157767547,0.0292613232805828,0.0808325495810896
-0.00396216602546154,0.0807352807054887,-0.0268091001663009,-0.08094004910377,0.0190932249865411,0.0807352807054887,0.0292429836222993,0.08094004910377
-0.00420225894977581,0.0805746069925261,-0.0270360856181089,-0.0810452836341968,0.0190418229095596,0.0805746069925261,0.0292210350441268,0.0810452836341968
-0.00444168562639702,0.0804129273123063,-0.0272626213342145,-0.0811482268365602,0.0189874018442824,0.0804129273123063,0.0291954816548865,0.0811482268365602
-0.00468040809539153,0.0802502744223349,-0.0274886737209568,-0.0812488527124739,0.0189299704189043,0.0802502744223349,0.0291663281282488,0.0812488527124739
-0.00491838850847437,0.0800866811532229,-0.0277142092348354,-0.0813471356104744,0.0188695377388983,0.0800866811532229,0.029133579701576,0.0813471356104744
-0.0051555891350099,0.0799221803987537,-0.0279391943862867,-0.0814430502354651,0.0188061133855714,0.0799221803987537,0.0290972421746787,0.0814430502354652
-0.00539197236799389,0.0797568051059857,-0.0281635957434672,-0.081536571658101,0.018739707414546,0.0797568051059857,0.0290573219084877,0.081536571658101
-0.00562750073001584,0.0795905882653933,-0.0283873799360433,-0.0816276753241084,0.0186703303541654,0.0795905882653933,0.02901382582364,0.0816276753241084
-0.00586213687920087,0.0794235629010531,-0.0286105136589868,-0.0817163370635391,0.0185979932038248,0.0794235629010531,0.0289667613989817,0.0817163370635391
-0.00609584361513014,0.0792557620608797,-0.0288329636763799,-0.0818025330999533,0.018522707432227,0.0792557620608797,0.0289161366699865,0.0818025330999533
-0.00632858388473872,0.0790872188069166,-0.029054696825227,-0.0818862400595279,0.0184444849755645,0.0790872188069166,0.0288619602270911,0.0818862400595279
-0.00656032078819023,0.0789179662056869,-0.029275680019276,-0.0819674349800882,0.018363338235627,0.0789179662056869,0.0288042412139487,0.0819674349800882
-0.0067910175847271,0.0787480373186103,-0.0294958802528482,-0.0820460953200575,0.0182792800778348,0.0787480373186103,0.0287429893255996,0.0820460953200575
-0.00702063769849564,0.0785774651924888,-0.0297152646046795,-0.0821221989673239,0.0181923238291996,0.0785774651924888,0.0286782148065613,0.0821221989673239
-0.00724914472434498,0.07840628285007,-0.0299338002417702,-0.0821957242480183,0.0181024832762111,0.07840628285007,0.0286099284488374,0.0821957242480183
-0.00747650243359891,0.0782345232806886,-0.0301514544232476,-0.082266649935203,0.0180097726626515,0.0782345232806886,0.0285381415898466,0.082266649935203
-0.00770267477979979,0.0780622194309949,-0.0303681945042387,-0.0823349552574659,0.0179142066873372,0.0780622194309949,0.0284628661102719,0.0823349552574659
-0.0079276259044235,0.077889404195773,-0.0305839879397558,-0.0824006199074188,0.0178158005017881,0.077889404195773,0.0283841144318317,0.0824006199074188
-0.00815132014256465,0.0777161104088545,-0.030798802288594,-0.0824636240500956,0.0177145697078258,0.0777161104088545,0.0283018995149718,0.0824636240500956
-0.0083737220285911,0.0775423708341312,-0.0310126052172424,-0.0825239483312484,0.0176105303550997,0.0775423708341312,0.0282162348564802,0.0825239483312484
-0.00859479630176683,0.0773682181566735,-0.0312253645038076,-0.082581573885538,0.0175036989385425,0.0773682181566735,0.0281271344870259,0.0825815738855381
-0.00881450791184238,0.0771936849739577,-0.0314370480419526,-0.0826364823446172,0.0173940923957552,0.0771936849739577,0.0280346129686196,0.0826364823446172
-0.00903282202461188,0.0770188037872066,-0.0316476238448482,-0.0826886558451021,0.0172817281043212,0.0770188037872066,0.0279386853920011,0.0826886558451021
-0.00924970402743587,0.0768436069928493,-0.0318570600491405,-0.0827380770364313,0.0171666238790519,0.0768436069928493,0.0278393673739502,0.0827380770364313
-0.00946511953472893,0.0766681268741026,-0.0320653249189325,-0.0827847290886083,0.0170487979691617,0.0766681268741026,0.0277366750545242,0.0827847290886083
-0.00967903439341138,0.0764923955926801,-0.0322723868497813,-0.0828285956998254,0.0169282690553748,0.0764923955926801,0.0276306250942217,0.0828285956998254
-0.00989141468832406,0.0763164451806323,-0.0324782143727111,-0.082869661103967,0.0168050562469635,0.0763164451806323,0.027521234671074,0.082869661103967
-0.0101022267476054,0.0761403075323207,-0.0326827761582418,-0.0829079100779888,0.0166791790787187,0.0761403075323207,0.0274085214776641,0.0829079100779888
-0.01031143714803,0.075964014396533,-0.0328860410204335,-0.0829433279491711,0.0165506575078523,0.075964014396533,0.0272925037180745,0.0829433279491711
-0.0105190127203077,0.0757875973687394,-0.0330879779209481,-0.0829759006022439,0.0164195119108336,0.0757875973687394,0.0271732001047641,0.0829759006022439
-0.0107249205543422,0.0756110878834961,-0.0332885559731264,-0.0830056144863809,0.0162857630801583,0.0756110878834961,0.0270506298553761,0.083005614486381
-0.0109291280044492,0.0754345172069996,-0.0334877444460825,-0.083032456622061,0.0161494322210523,0.0754345172069996,0.0269248126894754,0.083032456622061
-0.0111316026945319,0.075257916429794,-0.0336855127688148,-0.0830564146077929,0.0160105409481094,0.075257916429794,0.0267957688252181,0.0830564146077929
-0.0113323125232142,0.0750813164596354,-0.0338818305343333,-0.0830774766267038,0.0158691112818646,0.0750813164596354,0.026663518975954,0.0830774766267038
-0.0115312256689301,0.0749047480145164,-0.0340766675038041,-0.0830956314529867,0.0157251656453027,0.0749047480145164,0.0265280843467606,0.0830956314529867
-0.0117283105949689,0.0747282416158546,-0.0342699936107109,-0.083110868458206,0.0155787268603035,0.0747282416158546,0.026389486630912,0.083110868458206
-0.0119235360544754,0.0745518275818459,-0.0344617789650322,-0.0831231776174587,0.0154298181440231,0.0745518275818459,0.0262477480062813,0.0831231776174587
-0.0121168710954037,0.074375536020988,-0.0346519938574361,-0.0831325495153881,0.0152784631052135,0.074375536020988,0.0261028911316788,0.0831325495153881
-0.0123082850654244,0.0741993968257745,-0.0348406087634912,-0.0831389753520499,0.015124685740479,0.0741993968257745,0.0259549391431256,0.0831389753520499
-0.0124977476167848,0.0740234396665635,-0.0350275943478934,-0.0831424469486257,0.014968510430472,0.0740234396665635,0.0258039156500639,0.0831424469486257
-0.01268522871112,0.0738476939856218,-0.0352129214687088,-0.0831429567529844,0.0148099619360273,0.0738476939856218,0.0256498447315044,0.0831429567529845
-0.0128706986242153,0.0736721889913483,-0.035396561181633,-0.0831404978450872,0.0146490653942366,0.0736721889913483,0.025492750932112,0.0831404978450872
-0.0130541279507193,0.0734969536526772,-0.0355784847442646,-0.0831350639422353,0.0144858463144632,0.0734969536526772,0.0253326592582302,0.0831350639422353
-0.0132354876088055,0.073322016693663,-0.0357586636203947,-0.0831266494041579,0.0143203305742974,0.073322016693663,0.0251695951738439,0.0831266494041579
-0.0134147488447832,0.0731474065882506,-0.0359370694843102,-0.0831152492379377,0.0141525444154536,0.0731474065882506,0.0250035845964839,0.0831152492379377
-0.0135918832376564,0.0729731515552288,-0.0361136742251121,-0.083100859102772,0.0139825144396105,0.0729731515552288,0.0248346538930712,0.0831008591027721
-0.0137668627036297,0.0727992795533724,-0.0362884499510461,-0.0830834753145685,0.0138102676041925,0.0727992795533724,0.0246628298757028,0.0830834753145686
-0.0139396595005608,0.07262581827677,-0.0364613689938479,-0.0830630948503706,0.0136358312180968,0.07262581827677,0.02448813979738,0.0830630948503706
-0.0141102462323591,0.0724527951503425,-0.0366324039130989,-0.0830397153526132,0.0134592329373629,0.0724527951503425,0.0243106113476798,0.0830397153526133
-0.0142785958533289,0.0722802373255491,-0.0368015275005957,-0.0830133351332052,0.0132805007607883,0.0722802373255491,0.0241302726483695,0.0830133351332052
-0.0144446816724576,0.072108171676285,-0.0369687127847288,-0.0829839531774355,0.0130996630254891,0.072108171676285,0.0239471522489656,0.0829839531774355
-0.0146084773576474,0.0719366247949689,-0.037133933034873,-0.0829515691477031,0.0129167484024077,0.0719366247949689,0.0237612791222381,0.0829515691477031
-0.01476995693989,0.0717656229888215,-0.0372971617657862,-0.0829161833870658,0.0127317858917669,0.0717656229888215,0.0235726826596602,0.0829161833870658
-0.0149290948173839,0.0715951922763349,-0.0374583727420175,-0.0828777969226076,0.0125448048184721,0.0715951922763349,0.0233813926668041,0.0828777969226076
-0.0150858657595938,0.0714253583839329,-0.0376175399823229,-0.0828364114686212,0.0123558348274618,0.0714253583839329,0.0231874393586845,0.0828364114686212
-0.0152402449112499,0.0712561467428223,-0.0377746377640872,-0.0827920294296034,0.0121649058790079,0.0712561467428223,0.0229908533550488,0.0827920294296034
-0.0153922077962898,0.0710875824860344,-0.0379296406277527,-0.0827446539030623,0.0119720482439655,0.0710875824860344,0.022791665675617,0.0827446539030623
-0.0155417303217378,0.0709196904456557,-0.0380825233812516,-0.0826942886821316,0.0117772924989734,0.0709196904456557,0.0225899077352691,0.0826942886821316
-0.0156887887815259,0.0707524951502484,-0.0382332611044429,-0.0826409382579923,0.0115806695216066,0.0707524951502484,0.0223856113391838,0.0826409382579923
-0.0158333598602511,0.0705860208224588,-0.0383818291535511,-0.0825846078220968,0.0113822104854808,0.0705860208224588,0.0221788086779259,0.0825846078220969
-0.0159754206368731,0.0704202913768126,-0.0385282031656069,-0.0825253032681953,0.0111819468553096,0.0704202913768126,0.0219695323224862,0.0825253032681953
-0.0161149485883475,0.0702553304176963,-0.038672359062888,-0.08246303119416,0.0109799103819164,0.0702553304176963,0.021757815219272,0.0824630311941601
-0.016251921593197,0.0700911612375235,-0.0388142730573581,-0.0823977989036067,0.0107761330972003,0.0700911612375235,0.0215436906850505,0.0823977989036067
-0.0163863179350188,0.0699278068150833,-0.0389539216551045,-0.082329614407309,0.0105706473090574,0.0699278068150833,0.0213271924018449,0.082329614407309
-0.0165181163059272,0.0697652898140715,-0.0390912816607716,-0.0822584864244048,0.0103634855962587,0.0697652898140715,0.0211083544117842,0.0822584864244048
-0.0166472958099324,0.0696036325818002,-0.039226330181989,-0.0821844243833912,0.0101546808032851,0.0696036325818002,0.020887211111907,0.0821844243833912
-0.0167738359662531,0.0694428571480857,-0.0393590446337935,-0.0821074384229055,0.00994426603511962,0.0694428571480857,0.0206637972489208,0.0821074384229055
-0.0168977167125637,0.0692829852243121,-0.0394894027430435,-0.0820275393922899,0.00973227465199917,0.0692829852243121,0.0204381479139158,0.0820275393922899
-0.0170189184081751,0.0691240382026678,-0.0396173825528234,-0.0819447388519378,0.00951874026412521,0.0691240382026678,0.0202102985370359,0.0819447388519378
-0.0171374218371487,0.0689660371555538,-0.0397429624268374,-0.0818590490734181,0.0093036967263351,0.0689660371555538,0.0199802848821055,0.0818590490734181
-0.0172532082113429,0.0688090028351599,-0.0398661210537911,-0.0817704830393755,0.00908717813273457,0.0688090028351599,0.0197481430412146,0.0817704830393755
-0.0173662591733919,0.068652955673207,-0.0399868374517588,-0.0816790544432044,0.00886921881129229,0.068652955673207,0.0195139094292613,0.0816790544432044
-0.0174765567996162,0.0684979157808535,-0.0401050909725356,-0.0815847776884933,0.00864985331839727,0.0684979157808535,0.0192776207784531,0.0815847776884933
-0.0175840836028643,0.0683439029487612,-0.040220861305972,-0.0814876678882372,0.0084291164333802,0.0683439029487612,0.0190393141327675,0.0814876678882372
-0.017688822535285,0.0681909366473192,-0.0403341284842901,-0.081387740863816,0.00820704315299928,0.0681909366473192,0.0187990268423728,0.081387740863816
-0.0177907569910308,0.0680390360270224,-0.040444872886379,-0.0812850131437352,0.00798366868589169,0.0680390360270224,0.0185567965580085,0.0812850131437352
-0.0178898708088901,0.0678882199190013,-0.040553075242068,-0.0811795019621271,0.00775902844699146,0.0678882199190013,0.0183126612253282,0.0811795019621271
-0.0179861482748496,0.0677385068357002,-0.0406587166363766,-0.0810712252570096,0.00753315805191455,0.0677385068357002,0.018066659079203,0.0810712252570097
-0.018079574124586,0.0675899149716996,-0.0407617785137379,-0.0809602016683005,0.00730609331131218,0.0675899149716996,0.0178188286379879,0.0809602016683005
-0.0181701335458858,0.067442462204681,-0.0408622426821961,-0.0808464505355835,0.00707787022519326,0.067442462204681,0.0175692086977515,0.0808464505355835
-0.0182578121809936,0.0672961660965291,-0.0409600913175733,-0.0807299918956248,0.00684852497721674,0.0672961660965291,0.0173178383264684,0.0807299918956248
-0.0183425961288889,0.0671510438945685,-0.0410553069676069,-0.0806108464796368,0.00661809392895485,0.0671510438945685,0.017064756858177,0.0806108464796368
-0.0184244719474896,0.0670071125329316,-0.0411478725560539,-0.0804890357102871,0.00638661361412819,0.0670071125329316,0.0168100038871009,0.0804890357102871
-0.0185034266557834,0.0668643886340533,-0.0412377713867605,-0.0803645816984495,0.00615412073281344,0.0668643886340533,0.0165536192617375,0.0803645816984495
-0.0185794477358857,0.0667228885102892,-0.0413249871476964,-0.0802375072396949,0.00592065214562479,0.0667228885102892,0.0162956430789107,0.0802375072396949
-0.0186525231350245,0.0665826281656533,-0.0414095039149503,-0.0801078358105206,0.00568624486786982,0.0665826281656533,0.0160361156777925,0.0801078358105206
-0.0187226412674511,0.066443623297672,-0.041491306156686,-0.0799755915643142,0.00545093606368095,0.066443623297672,0.0157750776338901,0.0799755915643142
-0.018789791016277,0.0663058892993494,-0.0415703787370575,-0.0798407993270505,0.00521476304012322,0.0663058892993494,0.0155125697530026,0.0798407993270505
-0.0188539617352366,0.0661694412612407,-0.0416467069200799,-0.0797034845927197,0.00497776324127944,0.0661694412612407,0.0152486330651455,0.0797034845927197
-0.0189151432503749,0.06603429397363,-0.0417202763734557,-0.0795636735184838,0.0047399742423136,0.06603429397363,0.0149833088184447,0.0795636735184838
-0.0189733258616606,0.0659004619288077,-0.0417910731723541,-0.0794213929195594,0.00450143374351355,0.0659004619288077,0.0147166384730007,0.0794213929195594
-0.0190285003445239,0.0657679593234442,-0.0418590838031416,-0.0792766702638259,0.00426217956431379,0.0657679593234442,0.0144486636947235,0.079276670263826
-0.0190806579513193,0.0656368000610552,-0.0419242951670622,-0.0791295336661551,0.00402224963729934,0.0656368000610552,0.0141794263491385,0.0791295336661551
-0.0191297904127123,0.0655069977545556,-0.0419866945838649,-0.0789800118824626,0.00378168200219176,0.0655069977545556,0.0139089684951644,0.0789800118824626
-0.0191758899389903,0.0653785657288967,-0.042046269795378,-0.0788281343034776,0.00354051479981811,0.0653785657288967,0.0136373323788643,0.0788281343034776
-0.0192189492212979,0.0652515170237837,-0.0421030089690268,-0.0786739309482309,0.00329878626606394,0.0652515170237837,0.0133645604271692,0.0786739309482309
-0.0192589614327957,0.0651258643964685,-0.0421569007012944,-0.0785174324572584,0.00305653472581115,0.0651258643964685,0.0130906952415765,0.0785174324572584
-0.0192959202297422,0.0650016203246148,-0.0422079340211227,-0.078358670085519,0.00281379858686178,0.0650016203246148,0.0128157795918223,0.078358670085519
-0.0193298197525003,0.0648787970092302,-0.042256098393253,-0.0781976756950268,0.00257061633384861,0.0648787970092302,0.0125398564095297,0.0781976756950268
-0.0193606546264657,0.064757406377663,-0.0423013837215038,-0.0780344817471943,0.00232702652213365,0.064757406377663,0.0122629687818325,0.0780344817471943
-0.0193884199629192,0.0646374600866573,-0.0423437803519839,-0.0778691212948889,0.00208306777169536,0.0646374600866573,0.0119851599449767,0.0778691212948889
-0.019413111359802,0.0645189695254649,-0.0423832790762401,-0.0777016279741976,0.00183877876100563,0.0645189695254649,0.011706473277898,0.0777016279741976
-0.0194347249024134,0.064401945819008,-0.0424198711343366,-0.077532035995904,0.00159419822089753,0.064401945819008,0.0114269522957793,0.077532035995904
-0.0194532571640314,0.0642863998310904,-0.0424535482178664,-0.0773603801366734,0.00134936492842465,0.0642863998310904,0.0111466406435854,0.0773603801366734
-0.0194687052064561,0.0641723421676514,-0.04248430247289,-0.077186695729948,0.00110431770071327,0.0641723421676514,0.0108655820895781,0.077186695729948
-0.0194810665804757,0.064059783180061,-0.0425121265028039,-0.0770110186565513,0.000859095388808068,0.064059783180061,0.010583820518812,0.0770110186565513
-0.0194903393262546,0.0639487329684499,-0.0425370133711331,-0.0768333853350018,0.000613736871512434,0.0639487329684499,0.010301399926611,0.0768333853350018
-0.019496521973644,0.0638392013850722,-0.0425589566042501,-0.076653832711537,0.0003682810492245,0.0638392013850722,0.0100183644120261,0.076653832711537
-0.0194996135424152,0.0637311980376968,-0.0425779501940151,-0.0764723982498477,0.000122766837769604,0.0637311980376968,0.00973475817127703,0.0764723982498477
-0.0194996135424152,0.0636247322930232,-0.0425939886003396,-0.0762891199205238,-0.000122766837769591,0.0636247322930232,0.00945062549117644,0.0762891199205238
-0.019496521973644,0.0635198132801181,-0.0426070667536687,-0.0761040361902131,-0.000368281049224496,0.0635198132801181,0.00916601074253819,0.0761040361902131
-0.0194903393262546,0.0634164498938703,-0.0426171800573832,-0.0759171860104929,-0.000613736871512438,0.0634164498938703,0.00888095837357095,0.075917186010493
-0.0194810665804757,0.0633146507984583,-0.0426243243901189,-0.0757286088064587,-0.000859095388808063,0.0633146507984583,0.00859551290325726,0.0757286088064587
-0.0194687052064561,0.0632144244308292,-0.0426284961080014,-0.0755383444650291,-0.00110431770071327,0.0632144244308292,0.00830971891471905,0.0755383444650291
-0.0194532571640314,0.063115779004184,-0.0426296920467964,-0.0753464333229713,-0.00134936492842464,0.063115779004184,0.00802362104857058,0.0753464333229713
-0.0194347249024134,0.0630187225114658,-0.0426279095239735,-0.0751529161546485,-0.00159419822089752,0.0630187225114658,0.00773726399625935,0.0751529161546485
-0.019413111359802,0.0629232627288492,-0.0426231463406815,-0.0749578341594923,-0.00183877876100564,0.0629232627288492,0.00745069249339595,0.0749578341594924
-0.0193884199629192,0.0628294072192257,-0.0426154007836354,-0.074761228949204,-0.00208306777169536,0.0628294072192257,0.00716395131307365,0.0747612289492041
-0.0193606546264657,0.0627371633356826,-0.0426046716269136,-0.0745631425346867,-0.00232702652213364,0.0627371633356826,0.00687708525917846,0.0745631425346867
-0.0193298197525003,0.0626465382249727,-0.0425909581336628,-0.0743636173127134,-0.00257061633384859,0.0626465382249727,0.00659013915969059,0.0743636173127134
-0.0192959202297422,0.062557538830971,-0.0425742600577116,-0.074162696052335,-0.00281379858686176,0.062557538830971,0.00630315785997817,0.0741626960523351
-0.0192589614327957,0.0624701718981155,-0.0425545776450897,-0.0739604218810325,-0.00305653472581115,0.0624701718981155,0.00601618621608396,0.0739604218810325
-0.0192189492212979,0.0623844439748295,-0.0425319116354539,-0.0737568382706176,-0.00329878626606394,0.0623844439748295,0.00572926908800604,0.0737568382706177
-0.0191758899389903,0.0623003614169224,-0.0425062632634171,-0.0735519890228888,-0.00354051479981811,0.0623003614169224,0.00544245133297311,0.0735519890228888
-0.0191297904127123,0.0622179303909651,-0.0424776342597823,-0.0733459182550462,-0.00378168200219175,0.0622179303909651,0.00515577779871563,0.0733459182550462
-0.0190806579513193,0.0621371568776396,-0.0424460268526783,-0.0731386703848738,-0.00402224963729934,0.0621371568776396,0.00486929331673331,0.0731386703848738
-0.0190285003445239,0.0620580466750569,-0.0424114437685976,-0.0729302901156924,-0.00426217956431379,0.0620580466750569,0.00458304269556005,0.0729302901156924
-0.0189733258616606,0.0619806054020438,-0.0423738882333352,-0.0727208224210933,-0.00450143374351356,0.0619806054020438,0.00429707071402711,0.0727208224210933
-0.0189151432503749,0.0619048385013936,-0.0423333639728274,-0.0725103125294575,-0.00473997424231359,0.0619048385013936,0.00401142211452546,0.0725103125294575
-0.0188539617352366,0.0618307512430793,-0.0422898752138898,-0.0722988059082687,-0.00497776324127942,0.0618307512430793,0.00372614159626813,0.0722988059082688
-0.018789791016277,0.0617583487274268,-0.0422434266848541,-0.0720863482482292,-0.00521476304012321,0.0617583487274268,0.00344127380855358,0.0720863482482292
-0.0187226412674511,0.0616876358882457,-0.0421940236161027,-0.0718729854471847,-0.00545093606368095,0.0616876358882457,0.00315686334403084,0.0718729854471847
-0.0186525231350245,0.0616186174959147,-0.0421416717405007,-0.0716587635938697,-0.00568624486786982,0.0616186174959147,0.0028729547319675,0.0716587635938697
-0.0185794477358857,0.061551298160421,-0.0420863772937237,-0.0714437289514804,-0.00592065214562479,0.061551298160421,0.00258959243152129,0.0714437289514804
-0.0185034266557834,0.0614856823343497,-0.0420281470144825,-0.0712279279410859,-0.00615412073281344,0.0614856823343497,0.00230682082501632,0.0712279279410859
-0.0184244719474896,0.0614217743158219,-0.0419669881446426,-0.0710114071248869,-0.00638661361412819,0.0614217743158219,0.0020246842112248,0.0710114071248869
-0.0183425961288889,0.0613595782513804,-0.0419029084292392,-0.070794213189334,-0.00661809392895485,0.0613595782513804,0.00174322679865528,0.070794213189334
-0.0182578121809936,0.0612990981388191,-0.0418359161163854,-0.0705763929281137,-0.00684852497721674,0.0612990981388191,0.0014624926988482,0.0705763929281138
-0.0181701335458858,0.0612403378299559,-0.0417660199570754,-0.0703579932250165,-0.00707787022519326,0.0612403378299559,0.0011825259196798,0.0703579932250165
-0.018079574124586,0.061183301033346,-0.0416932292048813,-0.0701390610366956,-0.00730609331131217,0.061183301033346,0.00090337035867526,0.0701390610366956
-0.0179861482748496,0.0611279913169355,-0.0416175536155417,-0.0699196433753305,-0.00753315805191453,0.0611279913169355,0.000625069796332103,0.0699196433753305
-0.0178898708088901,0.0610744121106516,-0.0415390034464447,-0.0696997872912072,-0.00775902844699145,0.0610744121106516,0.000347667889454704,0.0696997872912072
-0.0177907569910308,0.0610225667089288,-0.0414575894560019,-0.0694795398552264,-0.00798366868589169,0.0610225667089288,7.12081645008848e-05,0.0694795398552264
-0.017688822535285,0.0609724582731701,-0.0413733229029159,-0.0692589481413552,-0.00820704315299927,0.0609724582731701,-0.000204265989058327,0.0692589481413552
-0.0175840836028643,0.0609240898341402,-0.0412862155453383,-0.0690380592090332,-0.00842911643338019,0.0609240898341402,-0.000478711325365148,0.0690380592090332
-0.0174765567996162,0.0608774642942907,-0.0411962796399207,-0.0688169200855486,-0.00864985331839727,0.0608774642942907,-0.000752084748786287,0.0688169200855486
-0.0173662591733919,0.060832584430015,-0.0411035279407564,-0.0685955777483968,-0.00886921881129229,0.060832584430015,-0.0010243433205084,0.0685955777483968
-0.0172532082113429,0.0607894528938316,-0.0410079736982135,-0.068374079107637,-0.00908717813273458,0.0607894528938316,-0.00129544426511669,0.0683740791076371
-0.0171374218371487,0.0607480722164956,-0.0409096306576595,-0.0681524709882612,-0.0093036967263351,0.0607480722164956,-0.00156534497715548,0.0681524709882612
-0.0170189184081751,0.060708444809035,-0.040808513058077,-0.0679308001125884,-0.00951874026412521,0.060708444809035,-0.00183400302767027,0.0679308001125884
-0.0168977167125637,0.0606705729647133,-0.0407046356305707,-0.067709113082703,-0.00973227465199916,0.0606705729647133,-0.00210137617072974,0.067709113082703
-0.0167738359662531,0.0606344588609153,-0.0405980135967645,-0.067487456362948,-0.00994426603511961,0.0606344588609153,-0.00236742234992718,0.067487456362948
-0.0166472958099324,0.0606001045609555,-0.040488662667091,-0.0672658762624925,-0.0101546808032851,0.0606001045609555,-0.00263209970486016,0.0672658762624925
-0.0165181163059272,0.060567512015809,-0.0403765990389713,-0.0670444189179857,-0.0103634855962587,0.060567512015809,-0.0028953665775876,0.0670444189179857
-0.0163863179350188,0.0605366830657626,-0.0402618393948861,-0.0668231302763158,-0.0105706473090574,0.0605366830657626,-0.00315718151906306,0.0668231302763158
-0.016251921593197,0.0605076194419863,-0.0401444009003382,-0.0666020560774875,-0.0107761330972003,0.0605076194419863,-0.00341750329554365,0.0666020560774875
-0.0161149485883475,0.0604803227680239,-0.0400243012017066,-0.0663812418376353,-0.0109799103819164,0.0604803227680239,-0.00367629089497319,0.0663812418376353
-0.0159754206368731,0.0604547945612012,-0.0399015584239916,-0.0661607328321876,-0.0111819468553096,0.0604547945612012,-0.00393350353333894,0.0661607328321876
-0.0158333598602511,0.0604310362339533,-0.0397761911684521,-0.0659405740791988,-0.0113822104854808,0.0604310362339533,-0.00418910066100087,0.0659405740791988
-0.0156887887815259,0.0604090490950668,-0.039648218510135,-0.0657208103228627,-0.0115806695216066,0.0604090490950668,-0.00444304196899234,0.0657208103228627
-0.0155417303217379,0.0603888343508404,-0.0395176599952964,-0.0655014860172266,-0.0117772924989734,0.0603888343508404,-0.00469528739529161,0.0655014860172266
-0.0153922077962898,0.0603703931061592,-0.0393845356387154,-0.0652826453101187,-0.0119720482439654,0.0603703931061592,-0.00494579713106275,0.0652826453101187
-0.0152402449112499,0.0603537263654856,-0.0392488659209012,-0.0650643320273059,-0.0121649058790079,0.0603537263654856,-0.00519453162686536,0.0650643320273059
-0.0150858657595938,0.0603388350337635,-0.0391106717851925,-0.0648465896568979,-0.0123558348274617,0.0603388350337635,-0.00544145159883204,0.0648465896568979
-0.0149290948173839,0.060325719917238,-0.0389699746347509,-0.0646294613340112,-0.0125448048184721,0.060325719917238,-0.00568651803481248,0.0646294613340112
-0.01476995693989,0.0603143817241875,-0.0388267963294483,-0.0644129898257102,-0.0127317858917669,0.0603143817241875,-0.00592969220048355,0.0644129898257102
-0.0146084773576474,0.0603048210655703,-0.0386811591826481,-0.0641972175162383,-0.0129167484024077,0.0603048210655703,-0.00617093564542418,0.0641972175162383
-0.0144446816724576,0.0602970384555831,-0.0385330859578815,-0.0639821863925547,-0.0130996630254891,0.0602970384555831,-0.00641021020915421,0.0639821863925547
-0.0142785958533289,0.0602910343121335,-0.038382599865419,-0.0637679380301913,-0.0132805007607883,0.0602910343121335,-0.00664747802713613,0.0637679380301913
-0.0141102462323591,0.0602868089572238,-0.0382297245587369,-0.0635545135794419,-0.0134592329373629,0.0602868089572238,-0.00688270153673901,0.0635545135794419
-0.0139396595005608,0.0602843626172482,-0.0380744841308812,-0.0633419537518996,-0.0136358312180968,0.0602843626172482,-0.00711584348316352,0.0633419537518997
-0.0137668627036297,0.0602836954232014,-0.0379169031107272,-0.0631302988073534,-0.0138102676041925,0.0602836954232014,-0.00734686692532705,0.0631302988073534
-0.0135918832376564,0.0602848074107994,-0.0377570064591367,-0.0629195885410574,-0.0139825144396105,0.0602848074107994,-0.00757573524170821,0.0629195885410575
-0.0134147488447832,0.0602876985205131,-0.0375948195650135,-0.0627098622713852,-0.0141525444154536,0.0602876985205131,-0.00780241213614958,0.0627098622713852
-0.0132354876088055,0.0602923685975126,-0.0374303682412569,-0.0625011588278801,-0.0143203305742974,0.0602923685975126,-0.00802686164361793,0.0625011588278802
-0.0130541279507193,0.0602988173915249,-0.0372636787206145,-0.062293516539713,-0.0144858463144632,0.0602988173915249,-0.00824904813592094,0.062293516539713
-0.0128706986242153,0.0603070445566024,-0.0370947776514351,-0.0620869732245578,-0.0146490653942366,0.0603070445566024,-0.0084689363273795,0.0620869732245578
-0.01268522871112,0.0603170496508049,-0.0369236920933219,-0.061881566177895,-0.0148099619360273,0.0603170496508049,-0.00868649128045474,0.061881566177895
-0.0124977476167848,0.0603288321357929,-0.036750449512687,-0.0616773321627523,-0.014968510430472,0.0603288321357929,-0.00890167841132874,0.0616773321627523
-0.0123082850654244,0.0603423913763337,-0.0365750777782082,-0.0614743073998899,-0.015124685740479,0.0603423913763337,-0.00911446349543832,0.0614743073998899
-0.0121168710954037,0.0603577266397214,-0.036397605156188,-0.0612725275584409,-0.0152784631052135,0.0603577266397214,-0.00932481267296057,0.0612725275584409
-0.0119235360544754,0.0603748370951082,-0.0362180603058168,-0.0610720277470115,-0.0154298181440231,0.0603748370951082,-0.00953269245424981,0.0610720277470115
-0.0117283105949689,0.0603937218127507,-0.0360364722743401,-0.0608728425052488,-0.0155787268603035,0.0603937218127507,-0.00973806972522445,0.0608728425052488
-0.0115312256689301,0.060414379763169,-0.0358528704921313,-0.0606750057958822,-0.0157251656453027,0.060414379763169,-0.00994091175270345,0.0606750057958822
-0.0113323125232142,0.0604368098162207,-0.0356672847676703,-0.0604785509972429,-0.0158691112818646,0.0604368098162207,-0.0101411861896912,0.0604785509972429
-0.011131602694532,0.0604610107400894,-0.0354797452824297,-0.060283510896266,-0.0160105409481094,0.0604610107400894,-0.0103388610806099,0.0602835108962661
-0.0109291280044492,0.0604869812001882,-0.035290282585668,-0.0600899176819796,-0.0161494322210523,0.0604869812001882,-0.0105339048664789,0.0600899176819796
-0.0107249205543422,0.0605147197579792,-0.0350989275891329,-0.0598978029394818,-0.0162857630801583,0.0605147197579792,-0.0107262863900397,0.0598978029394818
-0.0105190127203077,0.0605442248697097,-0.0349057115616736,-0.05970719764441,-0.0164195119108336,0.0605442248697097,-0.0109159749008262,0.05970719764441
-0.01031143714803,0.0605754948850646,-0.0347106661237644,-0.0595181321579023,-0.0165506575078523,0.0605754948850646,-0.0111029400601791,0.0595181321579023
-0.0101022267476054,0.0606085280457376,-0.0345138232419403,-0.0593306362220515,-0.0166791790787186,0.0606085280457376,-0.0112871519462036,0.0593306362220515
-0.00989141468832405,0.0606433224839203,-0.0343152152231451,-0.0591447389558522,-0.0168050562469635,0.0606433224839203,-0.0114685810586699,0.0591447389558522
-0.00967903439341139,0.0606798762207107,-0.0341148747089946,-0.0589604688516393,-0.0169282690553748,0.0606798762207107,-0.0116471983238549,0.0589604688516393
-0.00946511953472894,0.0607181871644419,-0.0339128346699536,-0.0587778537720162,-0.0170487979691617,0.0607181871644419,-0.0118229750993251,0.0587778537720162
-0.00924970402743589,0.0607582531089322,-0.0337091283994302,-0.0585969209472708,-0.0171666238790519,0.0607582531089322,-0.0119958831786599,0.0585969209472708
-0.00903282202461189,0.0608000717316566,-0.0335037895077874,-0.0584176969732739,-0.0172817281043212,0.0608000717316566,-0.0121658947961136,0.0584176969732739
-0.0088145079118424,0.0608436405918423,-0.0332968519162731,-0.0582402078098592,-0.0173940923957552,0.0608436405918423,-0.012332982631216,0.0582402078098592
-0.00859479630176683,0.0608889571284873,-0.0330883498508703,-0.058064478779677,-0.0175036989385425,0.0608889571284873,-0.0124971198133112,0.058064478779677
-0.00837372202859111,0.0609360186583051,-0.0328783178360677,-0.0578905345675178,-0.0176105303550997,0.0609360186583051,-0.0126582799260322,0.0578905345675178
-0.00815132014256465,0.0609848223735952,-0.0326667906885539,-0.0577183992200994,-0.0177145697078258,0.0609848223735952,-0.0128164370117127,0.0577183992200995
-0.00792762590442351,0.0610353653400419,-0.0324538035108341,-0.0575480961463099,-0.0178158005017881,0.0610353653400419,-0.0129715655757338,0.0575480961463099
-0.0077026747797998,0.0610876444944416,-0.0322393916847721,-0.0573796481178997,-0.0179142066873372,0.0610876444944416,-0.0131236405908048,0.0573796481178997
-0.00747650243359891,0.0611416566423606,-0.0320235908650593,-0.0572130772706151,-0.0180097726626515,0.0611416566423606,-0.0132726375011788,0.0572130772706151
-0.00724914472434499,0.0611973984557242,-0.0318064369726105,-0.0570484051057626,-0.0181024832762111,0.0611973984557242,-0.0134185322267999,0.0570484051057627
-0.00702063769849564,0.0612548664703402,-0.0315879661878889,-0.056885652492197,-0.0181923238291996,0.0612548664703402,-0.0135613011673842,0.0568856524921971
-0.00679101758472711,0.0613140570833554,-0.0313682149441625,-0.0567248396687218,-0.0182792800778348,0.0613140570833554,-0.0137009212064312,0.0567248396687218
-0.00656032078819024,0.06137496655065,-0.0311472199206917,-0.0565659862468923,-0.018363338235627,0.06137496655065,-0.0138373697151665,0.0565659862468924
-0.00632858388473872,0.0614375909841689,-0.0309250180358502,-0.0564091112142106,-0.0184444849755645,0.0614375909841689,-0.0139706245564144,0.0564091112142107
-0.00609584361513014,0.0615019263491932,-0.0307016464401817,-0.0562542329377005,-0.018522707432227,0.0615019263491932,-0.0141006640883999,0.0562542329377005
-0.00586213687920088,0.061567968461553,-0.0304771425093925,-0.0561013691678511,-0.0185979932038248,0.061567968461553,-0.0142274671684789,0.0561013691678511
-0.00562750073001584,0.0616357129847838,-0.0302515438372824,-0.0559505370429178,-0.0186703303541654,0.0616357129847838,-0.0143510131567974,0.0559505370429178
-0.0053919723679939,0.0617051554272274,-0.0300248882286153,-0.0558017530935659,-0.018739707414546,0.0617051554272274,-0.0144712819198761,0.0558017530935659
-0.00515558913500991,0.0617762911390811,-0.0297972136919311,-0.0556550332478467,-0.0188061133855714,0.0617762911390811,-0.0145882538341234,0.0556550332478467
-0.00491838850847437,0.0618491153093952,-0.0295685584323005,-0.0555103928364914,-0.0188695377388983,0.0618491153093952,-0.0147019097892728,0.0555103928364914
-0.00468040809539154,0.061923622963022,-0.0293389608440246,-0.0553678465985098,-0.0189299704189043,0.061923622963022,-0.0148122311917458,0.0553678465985098
-0.00444168562639703,0.0619998089575191,-0.0291084595032809,-0.0552274086870801,-0.0189874018442824,0.0619998089575191,-0.0149191999679395,0.0552274086870802
-0.00420225894977582,0.0620776679800076,-0.028877093160717,-0.0550890926757172,-0.0190418229095596,0.0620776679800076,-0.0150227985674378,0.0550890926757172
-0.00396216602546154,0.0621571945439885,-0.0286449007339946,-0.0549529115647035,-0.0190932249865411,0.0621571945439885,-0.0151230099661452,0.0549529115647035
-0.00372144491901822,0.0622383829861201,-0.0284119213002852,-0.0548188777877705,-0.0191415999256779,0.0622383829861201,-0.0152198176693439,0.0548188777877705
-0.00348013379560504,0.0623212274629581,-0.0281781940887189,-0.0546870032190155,-0.019186940057359,0.0623212274629581,-0.0153132057146718,0.0546870032190155
-0.00323827091392553,0.0624057219476606,-0.0279437584727885,-0.0545572991800396,-0.0192292381931273,0.0624057219476606,-0.015403158675022,0.0545572991800396
-0.00299589462016179,0.0624918602266622,-0.0277086539627118,-0.0544297764472941,-0.0192684876268192,0.0624918602266622,-0.0154896616613629,0.0544297764472941
-0.00275304334189491,0.0625796358963175,-0.0274729201977514,-0.0543044452596184,-0.0193046821356283,0.0625796358963175,-0.0155727003254781,0.0543044452596184
-0.00250975558201248,0.0626690423595192,-0.0272365969384968,-0.0541813153259588,-0.0193378159810915,0.0626690423595192,-0.0156522608626249,0.0541813153259589
-0.00226606991260409,0.0627600728222916,-0.0269997240591094,-0.0540603958332514,-0.0193678839099988,0.0627600728222916,-0.0157283300141124,0.0540603958332514
-0.00202202496884599,0.0628527202903637,-0.0267623415395315,-0.0539416954544563,-0.0193948811552266,0.0628527202903637,-0.0158008950697968,0.0539416954544563
-0.00177765944287558,0.0629469775657234,-0.0265244894576637,-0.0538252223567287,-0.0194188034364931,0.0629469775657234,-0.0158699438704944,0.0538252223567287
-0.00153301207765705,0.0630428372431583,-0.0262862079815103,-0.0537109842097156,-0.0194396469610371,0.0630428372431583,-0.0159354648103114,0.0537109842097156
-0.00128812166083878,0.0631402917067826,-0.0260475373612959,-0.0535989881939599,-0.0194574084242192,0.0631402917067826,-0.0159974468388898,0.0535989881939599
-0.00104302701860389,0.0632393331265564,-0.0258085179215563,-0.0534892410094039,-0.0194720850100461,0.0632393331265564,-0.0160558794635687,0.0534892410094039
-0.000797767009514332,0.0633399534547993,-0.0255691900532026,-0.0533817488839754,-0.0194836743916164,0.0633399534547993,-0.0161107527514612,0.0533817488839755
-0.000552380518350266,0.0634421444227007,-0.0253295942055654,-0.0532765175822458,-0.0194921747314903,0.0634421444227007,-0.0161620573314455,0.0532765175822458
-0.000306906449944886,0.0635458975368323,-0.0250897708784157,-0.0531735524141457,-0.01949758468198,0.0635458975368323,-0.0162097843960694,0.0531735524141457
-6.13837230163871e-05,0.0636512040756638,-0.0248497606139705,-0.0530728582437282,-0.0194999033853645,0.0636512040756638,-0.0162539257033692,0.0530728582437282
0.000184148736002463,0.0637580550860865,-0.0246096039888799,-0.0529744394979657,-0.0194991304740244,0.0637580550860865,-0.0162944735786004,0.0529744394979657
0.000429651999135972,0.0638664413799487,-0.0243693416062019,-0.0528783001755696,-0.0194952660705013,0.0638664413799487,-0.0163314209158815,0.0528783001755696
0.000675087143037247,0.0639763535306051,-0.0241290140873654,-0.0527844438558218,-0.0194883107874773,0.0639763535306051,-0.0163647611797491,0.0527844438558218
0.000920415255159435,0.0640877818694848,-0.0238886620641233,-0.0526928737074068,-0.0194782657276789,0.0640877818694848,-0.0163944884066246,0.0526928737074068
0.001165597439925,0.0642007164826813,-0.0236483261704998,-0.0526035924972332,-0.0194651324837012,0.0642007164826813,-0.0164205972061911,0.0526035924972332
0.00141059482489248,0.0643151472075684,-0.0234080470347314,-0.0525166025992354,-0.0194489131377562,0.0643151472075684,-0.0164430827626813,0.0525166025992354
0.00165536856691954,0.0644310636294445,-0.0231678652712074,-0.052431906003145,-0.0194296102613422,0.0644310636294445,-0.0164619408360748,0.052431906003145
0.00189987985832136,0.0645484550782115,-0.0229278214724088,-0.0523495043232222,-0.0194072269148363,0.0645484550782115,-0.0164771677632045,0.0523495043232222
0.00214408993302334,0.0646673106250896,-0.0226879562008502,-0.0522693988069395,-0.0193817666470089,0.0646673106250896,-0.0164887604587725,0.0522693988069395
0.00238796007270737,0.0647876190793732,-0.0224483099810269,-0.0521915903436064,-0.0193532334944617,0.0647876190793732,-0.0164967164162734,0.0521915903436064
0.00263145161295035,0.0649093689852322,-0.022208923291368,-0.0521160794729299,-0.019321631980987,0.0649093689852322,-0.0165010337088269,0.0521160794729299
0.00287452594935427,0.065032548618561,-0.0219698365561996,-0.0520428663935003,-0.0192869671168509,0.065032548618561,-0.0165017109899164,0.0520428663935003
0.00311714454366682,0.0651571459838808,-0.0217310901377203,-0.051971950971196,-0.0192492443979988,0.0651571459838808,-0.016498747494036,0.051971950971196
0.00335926892989128,0.0652831488112982,-0.0214927243279899,-0.0519033327475007,-0.019208469805184,0.0652831488112982,-0.0164921430372436,0.0519033327475007
0.00360086072038533,0.065410544553525,-0.0212547793409354,-0.0518370109477247,-0.0191646498030198,0.065410544553525,-0.01648189801762,0.0518370109477247
0.00384188161194699,0.0655393203829616,-0.0210172953043769,-0.0517729844891256,-0.019117791338954,0.0655393203829616,-0.0164680134156346,0.0517729844891256
0.00408229339188763,0.0656694631888505,-0.0207803122520731,-0.051711251988921,-0.0190679018421679,0.0656694631888505,-0.0164504907944164,0.051711251988921
0.00432205794409022,0.0658009595745011,-0.0205438701157931,-0.0516518117721891,-0.0190149892223984,0.0658009595745011,-0.0164293322999299,0.0516518117721891
0.0045611372550526,0.0659337958545923,-0.0203080087174126,-0.0515946618796513,-0.0189590618686836,0.0659337958545923,-0.0164045406610559,0.0515946618796514
0.00479949341991423,0.0660679580525557,-0.0200727677610405,-0.0515398000753319,-0.0189001286480331,0.0660679580525557,-0.0163761191895776,0.0515398000753319
0.00503708864846589,0.0662034318980436,-0.0198381868251759,-0.0514872238540901,-0.018838198904022,0.0662034318980436,-0.0163440717800696,0.0514872238540901
0.00527388527114109,0.0663402028244861,-0.0196043053548991,-0.0514369304490226,-0.0187732824553098,0.0663402028244861,-0.0163084029096918,0.0514369304490226
0.00550984574498839,0.0664782559667409,-0.0193711626540989,-0.0513889168387293,-0.0187053895940831,0.0664782559667409,-0.0162691176378866,0.0513889168387293
0.00574493265962375,0.0666175761588408,-0.019138797877738,-0.0513431797544424,-0.0186345310844246,0.0666175761588408,-0.0162262216059792,0.0513431797544424
0.00597910874316159,0.0667581479318412,-0.0189072500241604,-0.0512997156870139,-0.018560718160606,0.0667581479318412,-0.0161797210366816,0.0512997156870139
0.00621233686812427,0.0668999555117741,-0.0186765579274409,-0.0512585208937586,-0.0184839625253067,0.0668999555117741,-0.0161296227334987,0.0512585208937587
0.00644458005732826,0.067042982817709,-0.0184467602497814,-0.0512195914051527,-0.0184042763477592,0.067042982817709,-0.0160759340800375,0.0512195914051527
0.00667580148974687,0.067187213459929,-0.018217895473955,-0.0511829230313825,-0.0183216722618186,0.067187213459929,-0.0160186630392186,0.0511829230313825
0.00690596450634795,0.0673326307382218,-0.0179900018958007,-0.0511485113687442,-0.0182361633639607,0.0673326307382218,-0.0159578181523901,0.0511485113687443
0.00713503261590604,0.0674792176402923,-0.0177631176167708,-0.0511163518058929,-0.0181477632112048,0.0674792176402923,-0.015893408538343,0.0511163518058929
0.00736296950078783,0.0676269568402988,-0.0175372805365341,-0.0510864395299377,-0.0180564858189646,0.0676269568402988,-0.0158254438922294,0.0510864395299377
0.0075897390227102,0.0677758306975182,-0.0173125283456358,-0.0510587695323853,-0.0179623456588261,0.0677758306975182,-0.0157539344843816,0.0510587695323853
0.00781530522846973,0.0679258212551424,-0.017088898518218,-0.0510333366149285,-0.0178653576562534,0.0679258212551424,-0.0156788911590332,0.0510333366149285
0.00803963235564291,0.0680769102392097,-0.0168664283048019,-0.0510101353950812,-0.017765537188222,0.0680769102392097,-0.0156003253329424,0.0510101353950813
0.00826268483825614,0.068229079057676,-0.0166451547251344,-0.0509891603116588,-0.017662900080781,0.068229079057676,-0.0155182489939152,0.0509891603116588
0.00848442731242446,0.0683823087996275,-0.0164251145611015,-0.050970405630104,-0.0175574626065439,0.0683823087996275,-0.015432674699232,0.050970405630104
0.00870482462195841,0.0685365802346394,-0.0162063443497095,-0.0509538654476596,-0.0174492414821088,0.0685365802346394,-0.0153436155739741,0.0509538654476596
0.0089238418239378,0.0686918738122841,-0.0159888803761389,-0.0509395336983869,-0.0173382538654081,0.0686918738122841,-0.0152510853092521,0.0509395336983869
0.0091414441942518,0.0688481696617904,-0.0157727586668691,-0.0509274041580316,-0.0172245173529879,0.0688481696617904,-0.0151550981603359,0.0509274041580316
0.00935759723310423,0.0690054475918594,-0.01555801498288,-0.0509174704487391,-0.0171080499772183,0.0690054475918594,-0.015055668944686,0.0509174704487391
0.00957226667048339,0.0691636870906376,-0.0153446848129297,-0.0509097260436166,-0.0169888702034347,0.0691636870906376,-0.0149528130398858,0.0509097260436167
0.00978541847159533,0.069322867325852,-0.0151328033669118,-0.0509041642711485,-0.0168669969270099,0.069322867325852,-0.0148465463814765,0.0509041642711485
0.00999701884225993,0.0694829671451085,-0.0149224055692937,-0.0509007783194605,-0.0167424494703583,0.0694829671451085,-0.0147368854606925,0.0509007783194605
0.0102070342342689,0.0696439650763576,-0.0147135260526376,-0.0508995612404403,-0.0166152475798726,0.0696439650763576,-0.014623847322099,0.0508995612404403
0.0104154313507044,0.0698058393285289,-0.0145061991512073,-0.0509005059537103,-0.0164854114227933,0.0698058393285289,-0.0145074495611324,0.0509005059537103
0.0106221771512186,0.0699685677923374,-0.0143004588946606,-0.0509036052504584,-0.0163529615840107,0.0699685677923374,-0.014387710321541,0.0509036052504584
0.0108272388572715,0.070132128041264,-0.0140963390018317,-0.0509088517971272,-0.0162179190628018,0.070132128041264,-0.0142646482927296,0.0509088517971272
0.0110305839573283,0.0702964973327116,-0.0138938728746021,-0.0509162381389631,-0.0160803052695007,0.0702964973327116,-0.0141382827070058,0.0509162381389631
0.0112321802120134,0.0704616526093402,-0.0136930935918653,-0.0509257567034279,-0.0159401420221043,0.0704616526093402,-0.014008633336729,0.0509257567034279
0.0114319956592225,0.070627570500581,-0.0134940339035838,-0.0509373998034754,-0.0157974515428128,0.070627570500581,-0.0138757204913631,0.0509373998034754
0.0116299986191893,0.0707942273243337,-0.0132967262249426,-0.0509511596406934,-0.015652256454507,0.0707942273243337,-0.0137395650144313,0.0509511596406934
0.0118261576995089,0.0709615990888459,-0.0131012026305977,-0.0509670283083157,-0.0155045797771609,0.0709615990888459,-0.013600188280376,0.0509670283083157
0.0120204418001142,0.0711296614947784,-0.0129074948490252,-0.0509849977941053,-0.0153544449241927,0.0711296614947784,-0.0134576121913212,0.0509849977941053
0.0122128201182072,0.0712983899374563,-0.0127156342569678,-0.051005059983109,-0.0152018756987523,0.0712983899374563,-0.0133118591737402,0.0510050599831091
0.0124032621531423,0.0714677595093076,-0.0125256518739841,-0.0510272066602905,-0.0150468962899472,0.0714677595093076,-0.0131629521750279,0.0510272066602905
0.0125917377112623,0.0716377450024904,-0.0123375783570993,-0.0510514295130393,-0.0148895312690082,0.0716377450024904,-0.0130109146599777,0.0510514295130393
0.0127782169106853,0.0718083209117086,-0.01215144399556,-0.0510777201335609,-0.014729805585393,0.0718083209117086,-0.0128557706071648,0.0510777201335609
0.0129626701860423,0.0719794614372189,-0.0119672787056937,-0.0511060700211501,-0.0145677445628309,0.0719794614372189,-0.0126975445052347,0.0511060700211502
0.0131450682931647,0.0721511404880262,-0.0117851120258741,-0.0511364705843488,-0.0144033738953079,0.0721511404880262,-0.0125362613490992,0.0511364705843488
0.0133253823137207,0.0723233316852721,-0.0116049731115943,-0.0511689131429915,-0.0142367196429928,0.0723233316852721,-0.0123719466360387,0.0511689131429915
0.0135035836598007,0.0724960083658124,-0.0114268907306465,-0.0512033889301413,-0.0140678082281059,0.0724960083658124,-0.0122046263617123,0.0512033889301413
0.0136796440784487,0.0726691435859866,-0.0112508932584125,-0.0512398890939175,-0.0138966664307295,0.0726691435859866,-0.0120343270160772,0.0512398890939175
0.0138535356561429,0.072842710125578,-0.0110770086732628,-0.0512784046992183,-0.013723321384562,0.072842710125578,-0.0118610755792149,0.0512784046992183
0.0140252308232205,0.073016680491964,-0.0109052645520672,-0.0513189267293397,-0.0135478005726165,0.073016680491964,-0.011684899517069,0.0513189267293397
0.0141947023582486,0.0731910269244566,-0.0107356880658164,-0.0513614460874948,-0.0133701318228629,0.0731910269244566,-0.0115058267770918,0.0513614460874949
0.0143619233923408,0.0733657213988324,-0.0105683059753562,-0.0514059535982338,-0.0131903433038164,0.0733657213988324,-0.0113238857838022,0.0514059535982338
0.0145268674134163,0.0735407356320507,-0.0104031446272344,-0.0514524400087677,-0.0130084635200712,0.0735407356320507,-0.011139105434255,0.0514524400087677
0.0146895082704039,0.073716041087159,-0.0102402299496612,-0.0515008959901984,-0.0128245213077812,0.073716041087159,-0.0109515150934229,0.0515008959901984
0.0148498201773877,0.0738916089783851,-0.0100795874485829,-0.0515513121386558,-0.0126385458300885,0.0738916089783851,-0.0107611445894909,0.0515513121386558
0.0150077777176955,0.0740674102764141,-0.00992124220387132,-0.0516036789763466,-0.0124505665724995,0.0740674102764141,-0.0105680242090652,0.0516036789763466
0.0151633558479284,0.0742434157138481,-0.00976521886562656,-0.051657986952514,-0.0122606133382101,0.0742434157138481,-0.0103721846922962,0.051657986952514
0.0153165299019315,0.0744195957908491,-0.00961154165059558,-0.0517142264443117,-0.0120687162433805,0.0744195957908491,-0.0101736572279173,0.0517142264443118
0.0154672755947045,0.0745959207809598,-0.00946023433870604,-0.0517723877575941,-0.0118749057123607,0.0745959207809598,-0.0099724734482006,0.0517723877575941
0.0156155690262519,0.0747723607371038,-0.00931132026971548,-0.0518324611276249,-0.0116792124728666,0.0747723607371038,-0.00976866542382857,0.0518324611276249
0.0157613866853721,0.0749488854977612,-0.00916482233997632,-0.0518944367197051,-0.0114816675511083,0.0749488854977612,-0.00956226565868528,0.0518944367197051
0.0159047054533855,0.0751254646933165,-0.0090207629993165,-0.0519583046297217,-0.0112823022668713,0.0751254646933165,-0.00935330708456602,0.0519583046297217
0.0160455026077992,0.075302067752579,-0.00887916424803583,-0.0520240548846215,-0.0110811482285505,0.075302067752579,-0.00914182305580719,0.0520240548846215
0.0161837558259102,0.0754786639094701,-0.00874004763401815,-0.0520916774428079,-0.0108782373281391,0.0754786639094701,-0.00892784734383739,0.0520916774428079
0.0163194431883438,0.0756552222098763,-0.00860343424995899,-0.052161162194465,-0.0106736017361723,0.0756552222098763,-0.00871141413165058,0.052161162194465
0.0164525431825295,0.0758317115186655,-0.00846934473070863,-0.0522324989618098,-0.0104672738966267,0.0758317115186655,-0.00849255800820233,0.0522324989618098
0.0165830347061114,0.0760081005268615,-0.00833779925073042,-0.0523056774992734,-0.0102592865217765,0.0760081005268615,-0.00827131396273035,0.0523056774992734
0.0167108970702938,0.0761843577589754,-0.00820881752167398,-0.0523806874936129,-0.0100496725870073,0.0761843577589754,-0.00804771737900039,0.0523806874936129
0.0168361100031217,0.0763604515804898,-0.00808241879006305,-0.0524575185639563,-0.00983846532558747,0.0763604515804898,-0.00782180402947838,0.0524575185639563
0.0169586536526941,0.076536350205492,-0.00795862183509743,-0.0525361602617795,-0.0096256982234,0.076536350205492,-0.00759361006943032,0.0525361602617795
0.0170785085903122,0.0767120217044534,-0.00783744496656882,-0.0526166020708187,-0.00941140501363276,0.0767120217044534,-0.00736317203095056,0.0526166020708187
0.0171956558135593,0.0768874340121501,-0.00771890602288983,-0.0526988334069186,-0.00919561967143066,0.0768874340121501,-0.00713052681692026,0.0526988334069186
0.0173100767493137,0.0770625549357225,-0.00760302236923585,-0.052782843617817,-0.00897837640850893,0.0770625549357225,-0.0068957116948966,0.052782843617817
0.0174217532566931,0.0772373521628683,-0.00748981089579892,-0.052868621982868,-0.00875970966772894,0.0772373521628683,-0.00665876429093431,0.052868621982868
0.0175306676299311,0.077411793270166,-0.00737928801615335,-0.0529561577127028,-0.00853965411763771,0.077411793270166,-0.00641972258334085,0.0529561577127028
0.0176368026011842,0.0775858457315241,-0.00727146966573187,-0.0530454399488321,-0.00831824464697105,0.0775858457315241,-0.00617862489636587,0.0530454399488321
0.0177401413432696,0.0777594769267513,-0.00716637130041226,-0.0531364577631872,-0.00809551635912238,0.0777594769267513,-0.0059355098938271,0.0531364577631872
0.0178406674723329,0.0779326541502451,-0.00706400789521304,-0.0532292001576044,-0.00787150456657712,0.0779326541502451,-0.00569041657267308,0.0532292001576044
0.0179383650504458,0.0781053446197919,-0.00696439394309794,-0.0533236560632503,-0.00764624478531415,0.0781053446197919,-0.0054433842564847,0.0533236560632503
0.0180332185881332,0.0782775154854756,-0.00686754345388789,-0.0534198143399911,-0.00741977272917482,0.0782775154854756,-0.00519445258891637,0.0534198143399912
0.0181252130468285,0.0784491338386899,-0.00677346995328001,-0.0535176637757052,-0.00719212430420083,0.0784491338386899,-0.00494366152707851,0.0535176637757053
0.0182143338412584,0.0786201667212488,-0.00668218648197237,-0.0536171930855402,-0.00696333560294137,0.0786201667212488,-0.00469105133486235,0.0536171930855402
0.0183005668417547,0.0787905811345918,-0.00659370559489378,-0.053718390911115,-0.00673344289873091,0.0787905811345918,-0.00443666257620877,0.053718390911115
0.0183838983764952,0.0789603440490773,-0.00650803936053759,-0.0538212458196677,-0.00650248263993823,0.0789603440490773,-0.00418053610832219,0.0538212458196677
0.0184643152336708,0.0791294224133609,-0.0064251993603983,-0.0539257463031493,-0.00627049144418766,0.0791294224133609,-0.00392271307483111,0.0539257463031494
0.0185418046635806,0.0792977831638525,-0.00634519668851025,-0.054031880777265,-0.0060375060925536,0.0792977831638525,-0.00366323489889665,0.054031880777265
0.0186163543806526,0.0794653932342476,-0.00626804195108701,-0.0541396375804609,-0.00580356352372896,0.0794653932342476,-0.0034021432762703,0.0541396375804609
0.0186879525653923,0.0796322195651281,-0.0061937452662606,-0.0542490049728609,-0.00556870082816884,0.0796322195651281,-0.00313948016830278,0.0542490049728609
0.0187565878662561,0.0797982291136262,-0.00612231626391924,-0.0543599711351499,-0.0053329552422099,0.0797982291136262,-0.00287528779490467,0.0543599711351499
0.0188222494014514,0.0799633888631487,-0.0060537640856426,-0.0544725241674067,-0.00509636414216684,0.0799633888631487,-0.00260960862746112,0.0544725241674067
0.0188849267606614,0.080127665833153,-0.00598809738473334,-0.0545866520878854,-0.00485896503840642,0.080127665833153,-0.00234248538170122,0.0545866520878854
0.0189446100066961,0.0802910270889738,-0.00592532432634377,-0.054702342831747,-0.00462079556940054,0.0802910270889738,-0.00207396101052426,0.054702342831747
0.0190012896770674,0.0804534397516913,-0.0058654525876963,-0.0548195842497406,-0.00438189349575866,0.0804534397516913,-0.00180407869678366,0.0548195842497407
0.0190549567854897,0.0806148710080387,-0.0058084893583967,-0.0549383641068354,-0.00414229669424123,0.0806148710080387,-0.00153288184603054,0.0549383641068354
0.0191056028233041,0.0807752881203419,-0.00575444134083868,-0.0550586700808034,-0.00390204315175437,0.0807752881203419,-0.00126041407921818,0.0550586700808034
0.0191532197608282,0.0809346584364873,-0.00570331475069869,-0.0551804897607537,-0.0036611709593273,0.0809346584364873,-0.000986719225368705,0.0551804897607537
0.0191978000486282,0.081092949399912,-0.0056551153175196,-0.0553038106456186,-0.00341971830607319,0.081092949399912,-0.000711841314203874,0.0553038106456186
0.0192393366187166,0.0812501285596109,-0.00560984828538206,-0.0554286201425922,-0.00317772347313439,0.0812501285596109,-0.000435824568740969,0.0554286201425922
0.0192778228856726,0.081406163580156,-0.00556751841366208,-0.0555549055655219,-0.00293522482761327,0.081406163580156,-0.000158713397855809,0.0555549055655219
0.0193132527476859,0.0815610222517229,-0.00552812997787386,-0.055682654133253,-0.00269226081648917,0.0815610222517229,0.000119447611186211,0.055682654133253
0.0193456205875244,0.0817146725001183,-0.00549168677059617,-0.055811852967928,-0.00244886996052295,0.0817146725001183,0.000398613700228936,0.055811852967928
0.0193749212734248,0.0818670823968044,-0.00545819210248126,-0.0559424890932398,-0.00220509084814955,0.0818670823968044,0.00067873994775325,0.0559424890932398
0.0194011501599059,0.0820182201689147,-0.00542764880334491,-0.0560745494326404,-0.00196096212936016,0.0820182201689147,0.000959781276431732,0.0560745494326404
0.0194243030885055,0.082168054209256,-0.00540005922333626,-0.0562080208075061,-0.00171652250957432,0.082168054209256,0.00124169246070917,0.0562080208075061
0.0194443763884396,0.0823165530862915,-0.00537542523418614,-0.0563428899352581,-0.00147181074350339,0.0823165530862915,0.00152442813440732,0.0563428899352581
0.0194613668771842,0.0824636855541007,-0.0053537482305326,-0.0564791434274418,-0.00122686562900628,0.0824636855541007,0.00180794279835186,0.0564791434274419
0.0194752718609801,0.0826094205623098,-0.00533502913132231,-0.0566167677877633,-0.000981726000938055,0.0826094205623098,0.00209219082802121,0.0566167677877633
0.0194860891352597,0.0827537272659888,-0.00531926838128648,-0.0567557494100855,-0.000736430724993039,0.0827537272659888,0.00237712648121424,0.0567557494100855
0.019493816984997,0.0828965750355104,-0.00530646595249005,-0.0568960745763839,-0.000491018691542701,0.0828965750355104,0.00266270390573674,0.0568960745763839
0.0194984541849789,0.0830379334663646,-0.00529662134595275,-0.0570377294546639,-0.000245528809469915,0.0830379334663646,0.00294887714710401,0.0570377294546639
0.0195,0.0831777723889265,-0.00528973359334094,-0.0571807000968392,-4.77612251667468e-18,0.0831777723889265,0.00323560015625904,0.0571807000968392
