-53.4603571725674,-26.7927584550901,-51.1049793109034,-22.5087842469145,-0,-26.7927584550901,8.70878371585087,22.5087842469145
-53.4561192329185,-27.3058314176402,-51.0720930676598,-22.2634734212281,-0.673131171816222,-27.3058314176402,7.90963504408429,22.2634734212281
-53.4434060858768,-27.8143418568778,-51.0311856558612,-22.0160414420712,-1.34615562196305,-27.8143418568778,7.10925271924433,22.0160414420712
-53.4222197470496,-28.3181250113192,-50.9822909913652,-21.7664492046572,-2.01896664569129,-28.3181250113192,6.30777098794745,21.7664492046572
-53.392563575428,-28.8170173487054,-50.9254440999719,-21.5146570548123,-2.69145757208948,-28.8170173487054,5.50532422920891,21.5146570548124
-53.3544422728533,-29.3108566419136,-50.8606810955746,-21.2606248144386,-3.36352178099601,-29.3108566419136,4.70204692877142,21.2606248144387
-53.3078618832727,-29.7994820436438,-50.7880391584713,-21.0043118083735,-4.03505271990327,-29.7994820436438,3.89807365350557,21.0043118083735
-53.2528297917799,-30.2827341598516,-50.7075565138439,-20.7456768926751,-4.70594392085099,-30.2827341598516,3.09353902588807,20.7456768926751
-53.1893547234451,-30.7604551218992,-50.6192724104143,-20.4846784843752,-5.37608901730626,-30.7604551218992,2.2885776985628,20.4846784843752
-53.1174467419313,-31.2324886574008,-50.5232270992856,-20.2212745927195,-6.04538176102739,-31.2324886574008,1.48332432899012,20.2212745927195
-53.0371172478988,-31.6986801597396,-50.4194618129746,-19.9554228519258,-6.71371603890908,-31.6986801597396,0.67791355418933,19.9554228519258
-52.9483789771978,-32.1588767562361,-50.3080187446419,-19.6870805554824,-7.38098588980609,-32.1588767562361,-0.127520034420906,19.6870805554824
-52.8512459988488,-32.61292737495,-50.1889410275269,-19.4162046920056,-8.04708552133294,-32.61292737495,-0.932841916079541,19.4162046920056
-52.7457337128126,-33.0606828100996,-50.0622727145893,-19.1427519826675,-8.7119093266367,-33.0606828100996,-1.73791766563313,19.1427519826676
-52.6318588475484,-33.5019957860859,-49.9280587583652,-18.8666789202159,-9.37535190114047,-33.5019957860859,-2.54261297837458,18.8666789202159
-52.5096394573615,-33.9367210201088,-49.7863449910384,-18.5879418095844,-10.0373080592548,-33.9367210201088,-3.34679369476654,18.5879418095845
-52.379094919541,-34.3647152833659,-49.6371781047324,-18.3064968101015,-10.6976728510543,-34.3647152833659,-4.15032582504563,18.3064968101015
-52.2402459312878,-34.7858374608267,-49.4806056320234,-18.0222999792993,-11.356341578917,-34.7858374608267,-4.95307557370368,18.0222999792993
-52.0931145064328,-35.1999486095752,-49.3166759266777,-17.735307318317,-12.0132098141235,-35.1999486095752,-5.75490936384244,17.735307318317
-51.9377239719469,-35.6069120157182,-49.1454381446153,-17.4454748188929,-12.6681734134138,-35.6069120157182,-6.55569386139835,17.4454748188929
-51.7740989642427,-36.0065932498542,-48.9669422250983,-17.1527585119286,-13.3211285354987,-36.0065932498542,-7.35529599923409,17.1527585119287
-51.6022654252683,-36.3988602211048,-48.781238872148,-16.8571145176169,-13.9719716575233,-36.3988602211048,-8.1535830010937,16.8571145176169
-51.4222505983946,-36.7835832297067,-48.5883795361871,-16.5584990971042,-14.6205995914798,-36.7835832297067,-8.95042240541833,16.5584990971042
-51.2340830240958,-37.1606350181671,-48.3884163959097,-16.2568687056691,-15.2669095005681,-37.1606350181671,-9.74568208901978,16.2568687056691
-51.0377925354244,-37.5298908209866,-48.1814023403761,-15.9521800473854,-15.9107989154992,-37.5298908209866,-10.5392302906089,15.9521800473854
-50.8334102532817,-37.8912284129517,-47.9673909513321,-15.6443901312347,-16.5521657507419,-37.8912284129517,-11.3309356341763,15.6443901312347
-50.6209685814831,-38.2445281560051,-47.746436485752,-15.3334563286319,-17.1909083207077,-38.2445281560051,-12.1206671522232,15.3334563286319
-50.4005012016212,-38.5896730446986,-47.5185938586012,-15.0193364323228,-17.8269253558727,-38.5896730446986,-12.9082943088385,15.0193364323228
-50.1720430677255,-38.9265487502376,-47.2839186258193,-14.7019887166032,-18.4601160188329,-38.9265487502376,-13.6936870226226,14.7019887166032
-49.9356304007206,-39.2550436631248,-47.0424669675186,-14.3813719988098,-19.0903799202923,-39.2550436631248,-14.4767156894521,14.3813719988098
-49.6913006826837,-39.5750489344132,-46.7942956713972,-14.0574457020293,-19.7176171349784,-39.5750489344132,-15.2572512050858,14.0574457020293
-49.4390926509017,-39.8864585155783,-46.539462116363,-13.7301699189596,-20.3417282174851,-39.8864585155783,-16.0351649876097,13.7301699189596
-49.1790462917299,-40.1891691970209,-46.2780242563658,-13.3995054768684,-20.9626142180397,-40.1891691970209,-16.8103289997167,13.3995054768684
-48.9112028342523,-40.4830806452107,-46.0100406044338,-13.0654140035683,-21.5801766981901,-40.4830806452107,-17.5826157708223,13.0654140035683
-48.6356047437446,-40.7680954384848,-45.7355702169128,-12.7278579943475,-22.1943177464125,-40.7680954384848,-18.3518984190118,12.7278579943475
-48.3522957149422,-41.0441191015111,-45.454672677903,-12.3868008797712,-22.8049399936343,-41.0441191015111,-19.1180506728177,12.3868008797712
-48.0613206651118,-41.3110601384316,-45.1674080838898,-12.042207094274,-23.4119466286717,-41.3110601384316,-19.8809468928266,12.0422070942741
-47.7627257269308,-41.5688300646977,-44.8738370285673,-11.6940421454654,-24.0152414135785,-41.5688300646977,-20.6404620931125,11.6940421454654
-47.4565582411725,-41.8173434376098,-44.574020587848,-11.3422726840471,-24.6147286989046,-41.8173434376098,-21.3964719624947,11.3422726840471
-47.1428667492009,-42.0565178855779,-44.2680203050573,-10.9868665742661,-25.21031343886,-42.0565178855779,-22.1488528856194,10.9868665742661
-46.8217009852744,-42.2862741361124,-43.9558981763077,-10.62779296479,-25.8019012063845,-42.2862741361124,-22.8974819638629,10.6277929647901
-46.493111868661,-42.5065360425629,-43.6377166360506,-10.2650223599266,-26.3893982081185,-42.5065360425629,-23.6422370360544,10.2650223599266
-46.157151495565,-42.7172306096156,-43.3135385428003,-9.8985266910646,-26.9727112992731,-42.7172306096156,-24.3829966990163,9.89852669106463
-45.8138731308676,-42.9182880175644,-42.9834271650294,-9.5282793882486,-27.5517479983983,-42.9182880175644,-25.1196403279218,9.5282793882486
-45.4633311996818,-43.1096416453683,-42.6474461672289,-9.15425545176999,-28.1264165020451,-43.1096416453683,-25.8520480964665,9.15425545176999
-45.1055812787238,-43.2912280925084,-42.3056595961327,-8.77643152366838,-28.6966256993207,-43.2912280925084,-26.5801009968527,8.77643152366838
-44.7406800875015,-43.4629871996574,-41.958131867102,-8.39478595903052,-29.2622851863336,-43.4629871996574,-27.3036808595848,8.39478595903052
-44.3686854793218,-43.6248620681739,-41.6049277506666,-8.0092988969749,-29.8233052805267,-43.6248620681739,-28.0226703730751,8.00929889697491
-43.9896564321184,-43.7767990784339,-41.2461123592204,-7.61995233120246,-30.3795970348959,-43.7767990784339,-28.7369531030551,7.61995233120246
-43.603653039101,-43.9187479070109,-40.881751133869,-7.22673017999728,-30.9310722520926,-43.9187479070109,-29.4464135117947,7.22673017999729
-43.2107364992278,-44.0506615427162,-40.5119098314259,-6.82961835556471,-31.4776434984066,-44.0506615427162,-30.1509369771236,6.82961835556474
-42.8109691075028,-44.1724963015098,-40.1366545115562,-6.42860483257679,-32.0192241176283,-44.1724963015098,-30.8504098112564,6.4286048325768
-42.4044142450994,-44.2842118402923,-39.7560515240644,-6.02367971581479,-32.555728244788,-44.2842118402923,-31.5447192794162,6.0236797158148
-41.9911363693112,-44.3857711695877,-39.3701674963255,-5.61483530678467,-33.0870708197687,-44.3857711695877,-32.2337536182575,5.61483530678467
-41.5712010033328,-44.477140665125,-38.9790693208582,-5.20206616918404,-33.6131676007926,-44.477140665125,-32.9174020540857,5.20206616918405
-41.1446747258717,-44.5582900783284,-38.582824143037,-4.78536919310331,-34.1339351777771,-44.5582900783284,-33.5955548208696,4.78536919310332
-40.7116251605921,-44.629192545723,-38.1814993489439,-4.36474365783954,-34.6492909855587,-44.629192545723,-34.2681031780475,4.36474365783955
-40.2721209653937,-44.6898245972632,-37.775162553358,-3.94019129320547,-35.1591533169838,-44.6898245972632,-34.9349394281227,3.94019129320548
-39.8262318215265,-44.7401661635889,-37.3638815878831,-3.5117163392172,-35.6634413358624,-44.7401661635889,-35.5959569340476,3.5117163392172
-39.374028422543,-44.7802005822179,-36.9477244892119,-3.07932560404217,-36.162075089785,-44.7802005822179,-36.2510501363928,3.07932560404219
-38.91558246309,-44.8099146026754,-36.526759487528,-2.64302852009679,-36.6549755227979,-44.8099146026754,-36.900114570301,2.64302852009679
-38.4509666275419,-44.8292983905678,-36.1010549950449,-2.20283719817915,-37.1420644879379,-44.8292983905678,-37.5430468822213,2.20283719817915
-37.9802545784769,-44.8383455306024,-35.6706795946841,-1.7587664795296,-37.6232647596213,-44.8383455306024,-38.1797448464233,1.7587664795296
-37.5035209449982,-44.8370530285549,-35.2357020288912,-1.31083398571207,-38.0985000458884,-44.8370530285549,-38.8101073812872,1.31083398571209
-37.0208413109019,-44.8254213121881,-34.7961911885924,-0.859060166211373,-38.5676950004987,-44.8254213121881,-39.434034565369,0.859060166211387
-36.5322922026935,-44.8034542311204,-34.3522161022933,-0.40346834364991,-39.0307752348771,-44.8034542311204,-40.0514276532366,0.403468343649924
-36.0379510774551,-44.7711590556452,-33.9038459253203,0.0559152434771075,-39.4876673299073,-44.7711590556452,-40.6621890910756,-0.0559152434770933
-35.5378963105647,-44.7285464745008,-33.4511499292079,0.51906140063549,-39.9382988475727,-44.7285464745008,-41.2662225320621,-0.51906140063549
-35.0322071832707,-44.6756305915867,-32.9941974912339,0.98593793974777,-40.3825983424404,-44.6756305915867,-41.8634328514993,-0.985937939747756
-34.5209638701216,-44.6124289216272,-32.5330580841049,1.45650964442911,-40.8204953729892,-44.6124289216272,-42.4537261617151,-1.45650964442911
-34.0042474262551,-44.5389623847755,-32.0678012657949,1.93073823804811,-41.2519205127773,-44.5389623847755,-43.0370098267194,-1.93073823804811
-33.4821397745473,-44.4552553001568,-31.5984966695421,2.40858235468001,-41.6768053614496,-44.4552553001568,-43.613192476616,-2.40858235468
-32.9547236926238,-44.3613353783439,-31.1252139940037,2.88999751302794,-42.0950825555824,-44.3613353783439,-44.1821840217692,-2.88999751302794
-32.422082799736,-44.2572337127603,-30.6480229935768,3.37493609336763,-42.5066857793634,-44.2572337127603,-44.7438956667193,-3.37493609336763
-31.8843015435039,-44.1429847700043,-30.1669934688859,3.86334731758186,-42.9115497751059,-44.1429847700043,-45.2982399238463,-3.86334731758186
-31.3414651865268,-44.0186263790865,-29.6821952574439,4.35517723232681,-43.3096103535948,-44.0186263790865,-45.8451306267779,-4.35517723232681
-30.7936597928656,-43.8841997195736,-29.1936982244894,4.85036869538553,-43.7008044042638,-43.8841997195736,-46.3844829435389,-4.85036869538553
-30.240972214398,-43.7397493086291,-28.7015722540065,5.3488613652413,-44.0850699052013,-43.7397493086291,-46.9162133894391,-5.34886136524129
-29.683490077048,-43.5853229869432,-28.2058872399308,5.85059169390809,-44.4623459329832,-43.5853229869432,-47.440239839697,-5.85059169390809
-29.1213017668939,-43.4209719035398,-27.7067130775487,6.35549292304359,-44.8325726723325,-43.4209719035398,-47.9564815417956,-6.35549292304359
-28.5544964161546,-43.2467504994527,-27.2041196550935,6.86349508336798,-45.1956914256026,-43.2467504994527,-48.4648591275679,-6.86349508336798
-27.9831638890583,-43.0627164902585,-26.6981768455454,7.37452499739856,-45.5516446220834,-43.0627164902585,-48.9652946250082,-7.37452499739856
-27.407394767595,-42.8689308474557,-26.1889544986414,7.88850628551364,-45.9003758271289,-42.8689308474557,-49.4577114698074,-7.88850628551364
-26.8272803371551,-42.6654577786777,-25.6765224330997,8.40535937534167,-46.2418297511049,-42.6654577786777,-49.9420345166073,-8.40535937534167
-26.2429125720566,-42.4523647067277,-25.1609504290667,8.92500151447423,-46.5759522581543,-42.4523647067277,-50.4181900499728,-8.92500151447423
-25.6543841209631,-42.2297222474222,-24.6423082207918,9.44734678649071,-46.9026903747807,-42.2297222474222,-50.8861057950772,-9.44734678649071
-25.0617882921945,-41.9976041862325,-24.1206654895366,9.97230613027256,-47.221992298247,-41.9976041862325,-51.3457109280989,-9.97230613027256
-24.4652190389338,-41.7560874537074,-23.5960918567262,10.4997873625903,-47.5338074047878,-41.7560874537074,-51.7969360863246,-10.4997873625903
-23.864770944331,-41.5052520996669,-23.0686568773474,11.0296952039232,-47.8380862576367,-41.5052520996669,-52.2397133779582,-11.0296952039232
-23.2605392065076,-41.2451812661521,-22.5384300336021,11.5619313074835,-48.1347806148631,-41.2451812661521,-52.67397639163,-11.5619313074835
-22.6526196234631,-40.9759611591175,-22.0054807288227,12.096394291395,-48.4238434370215,-40.9759611591175,-53.0996602056048,-12.096394291395
-22.0411085778872,-40.6976810188528,-21.4698782816556,12.6329797739806,-48.7052288946091,-40.6976810188528,-53.5167013966851,-12.6329797739806
-21.4261030218782,-40.4104330891199,-20.9316919205196,13.1715804121047,-48.9788923753318,-40.4104330891199,-53.9250380488063,-13.1715804121047
-20.8077004615723,-40.114312584992,-20.3909907783477,13.7120859425056,-49.2447904911774,-40.114312584992,-54.3246097613214,-13.7120859425056
-20.185998941684,-39.8094176593818,-19.8478438876161,14.2543832260575,-49.5028810852945,-39.8094176593818,-54.7153576569723,-14.2543832260575
-19.5610970299618,-39.4958493682451,-19.3023201756712,14.7983562948871,-49.7531232386761,-39.4958493682451,-55.0972243895439,-14.7983562948871
-18.9330938015608,-39.1737116344479,-18.7544884603573,15.3438864022712,-49.9954772766475,-39.1737116344479,-55.4701541511994,-15.3438864022712
-18.3020888233346,-38.843111210283,-18.2044174459541,15.8908520752325,-50.229904775156,-38.843111210283,-55.8340926794935,-15.8908520752325
-17.6681821380499,-38.5041576386267,-17.6521757194298,16.4391291697493,-50.4563685668635,-38.5041576386267,-56.1889872640607,-16.4391291697493
-17.0314742485247,-38.1569632127225,-17.0978317470159,16.9885909284921,-50.6748327470384,-38.1569632127225,-56.5347867529764,-16.9885909284921
-16.3920661016943,-37.8016429345806,-16.5414538711101,17.5391080409886,-50.8852626792489,-37.8016429345806,-56.8714415587877,-17.5391080409886
-15.7500590726068,-37.4383144719856,-15.9831103075126,18.0905487061247,-51.0876250008539,-37.4383144719856,-57.1989036642131,-18.0905487061247
-15.1055549483503,-37.0670981141003,-15.4228691430026,18.6427786968794,-51.2818876282927,-37.0670981141003,-57.5171266275062,-18.6427786968794
-14.4586559119151,-36.6881167256591,-14.8607983332591,19.1956614271899,-51.4680197621719,-36.6881167256591,-57.8260655874839,-19.1956614271899
-13.8094645259934,-36.3014956997432,-14.2969657011326,19.7490580208426,-51.6459918921479,-36.3014956997432,-58.1256772682149,-19.7490580208426
-13.158083716718,-35.9073629091302,-13.7314389352706,20.3028273822789,-51.8157758016062,-35.9073629091302,-58.4159199833681,-20.3028273822789
-12.5046167573444,-35.5058486562142,-13.1642855891035,20.8568262692073,-51.9773445721347,-35.5058486562142,-58.6967536402176,-20.8568262692073
-11.8491672518767,-35.097085621491,-12.5955730801937,21.4109093669094,-52.1306725877916,-35.097085621491,-58.9681397433043,-21.4109093669094
-11.1918391186423,-34.6812088106066,-12.025368689951,21.964929364125,-52.2757355391668,-34.6812088106066,-59.230041397751,-21.964929364125
-10.5327365738157,-34.2583554999666,-11.4537395637201,22.5187370304027,-52.4125104272356,-34.2583554999666,-59.4824233122305,-22.5187370304027
-9.87196411489578,-33.8286651809067,-10.8807527112395,23.072181294799,-52.5409755670056,-33.8286651809067,-59.7252518015849,-23.072181294799
-9.20962650413829,-33.3922795024259,-10.3064750074779,23.6251093258113,-52.6611105909546,-33.3922795024259,-59.9584947890962,-23.6251093258114
-8.54582875194604,-32.9493422124857,-9.73097319384631,24.177366612428,-52.7728964522593,-32.9493422124857,-60.1821218084056,-24.177366612428
-7.88067610022016,-32.4999990978789,-9.15431387979036,24.7287970461783,-52.876315427816,-32.4999990978789,-60.3961040050817,-24.7287970461783
-7.21427400567457,-32.0443979226756,-8.57656354476123,25.2792430040694,-52.9713511210496,-32.0443979226756,-60.6004141378378,-25.2792430040694
-6.5467281231162,-31.582688365254,-7.99778854056674,25.8285454322928,-53.0579884645137,-31.582688365254,-60.7950265793968,-25.8285454322928
-5.87814428869405,-31.1150219539267,-7.41805509410149,26.3765439305878,-53.1362137222795,-31.1150219539267,-60.9799173170034,-26.3765439305878
-5.20862850311932,-30.6415520011738,-6.83742931045544,26.9230768371501,-53.2060144921133,-30.6415520011738,-61.1550639525852,-26.9230768371501
-4.53828691485948,-30.1624335364981,-6.25597717639864,27.4679813139739,-53.2673797074428,-30.1624335364981,-61.320445702562,-27.4679813139739
-3.86722580330908,-29.6778232379178,-5.6737645642404,28.0110934325188,-53.3202996391121,-29.6778232379178,-61.4760433973031,-28.0110934325188
-3.19555156193952,-29.1878793621156,-5.09085723605928,28.5522482595957,-53.3647658969236,-29.1878793621156,-61.6218394802352,-28.5522482595957
-2.52337068143094,-28.6927616732645,-4.50732084830021,29.0912799433665,-53.4007714309688,-28.6927616732645,-61.7578180066001,-29.0912799433665
-1.85078973278872,-28.1926313705539,-3.92322095673455,29.6280217993566,-53.4283105327454,-28.1926313705539,-61.8839646418647,-29.6280217993566
-1.17791535044702,-27.687651014441,-3.33862302177713,30.1623063963807,-53.4473788360632,-27.687651014441,-62.0002666597836,-30.1623063963807
-0.50485421536251,-27.1779844516548,-2.75359241415489,30.6939656422882,-53.4579733177354,-27.1779844516548,-62.1067129401174,-30.6939656422882
0.168286961899383,-26.6637967389834,-2.16819442091984,31.2228308694321,-53.4600922980585,-26.6637967389834,-62.2032939660073,-31.2228308694321
0.841401458082986,-26.1452540658772,-1.58249425179883,31.7487329197766,-53.4537354410785,-26.1452540658772,-62.290001821009,-31.7487329197766
1.5143825541627,-25.6225236759029,-0.996557045871792,32.2715022295552,-53.4389037546442,-25.6225236759029,-62.3668301857885,-32.2715022295552
2.18712355226293,-25.0957737870853,-0.410447878568844,32.790968913398,-53.4155995902471,-25.0957737870853,-62.4337743344811,-32.790968913398
2.85951779257444,-24.5651735111784,0.175768231023275,33.3069628478516,-53.3838266426492,-24.5651735111784,-62.4908311307193,-33.3069628478516
3.53145867026472,-24.0308927719077,0.762026312556907,33.8193137542168,-53.3435899492965,-24.0308927719077,-62.5379990233295,-33.8193137542168
4.20283965237973,-23.4931022222285,1.3482614365328,34.3278512806342,-53.2948958895208,-23.4931022222285,-62.5752780417045,-34.3278512806342
4.87355429473411,-22.9519731606499,1.9344087061355,34.8324050833529,-53.2377521835281,-22.9519731606499,-62.6026697908517,-34.8324050833529
5.54349625878746,-22.4076774466723,2.52040324880861,35.3328049071207,-53.1721678911748,-22.4076774466723,-62.6201774461252,-35.3328049071207
6.21255932850376,-21.860387415394,3.10618020758389,35.8288806646383,-53.0981534105311,-21.860387415394,-62.6278057476427,-35.8288806646383
6.88063742719136,-21.3102757913406,3.69167473217907,36.3204625150267,-53.0157204762324,-21.3102757913406,-62.6255609943933,-36.3204625150267
7.54762463432104,-20.7575156015766,4.27682196988103,36.8073809412569,-52.9248821576191,-20.7575156015766,-62.6134510380412,-36.8073809412569
8.21341520231908,-20.2022800881584,4.86155705622998,37.2894668264997,-52.8256528566641,-20.2022800881584,-62.5914852764295,-37.2894668264997
8.87790357333306,-19.6447426199931,5.44581510552302,37.7665515293575,-52.7180483056901,-19.6447426199931,-62.5596746467903,-37.7665515293575
9.54098439596759,-19.0850766041672,6.02953120115502,38.2384669579398,-52.6020855648745,-19.0850766041672,-62.5180316186656,-38.2384669579398
10.2025525419872,-18.5234553968141,6.61264038581554,38.7050456427544,-52.4777830195452,-18.5234553968141,-62.4665701865462,-38.7050456427544
10.8625031229839,-17.9600522135897,7.19507765156223,39.1661208083876,-52.3451603772654,-17.9600522135897,-62.4053058622334,-39.1661208083876
11.5207315070068,-17.395040039828,7.77677792979059,39.6215264439506,-52.2042386647094,-17.395040039828,-62.3342556669305,-39.6215264439506
12.1771333351509,-16.8285915404525,8.35767608112159,40.0710973722743,-52.0550402243282,-16.8285915404525,-62.2534381230702,-40.0710973722743
12.8316045381029,-16.2608789697178,8.93770688522898,40.5146693178408,-51.8975887108082,-16.2608789697178,-62.1628732458851,-40.5146693178408
13.4840413526405,-15.6920740808619,9.51680503062864,40.9520789734392,-51.7319090873201,-15.6920740808619,-62.0625825347277,-40.9520789734392
14.1343403380839,-15.1223480357466,10.0949051044532,41.3831640655425,-51.5580276215614,-15.1223480357466,-61.9525889641472,-41.3831640655425
14.7823983926958,-14.5518713145716,10.6719415822354,41.8077634184019,-51.3759718815917,-14.5518713145716,-61.8329169747308,-41.8077634184019
15.4281127700272,-13.9808136257422,11.2478488177249,42.2257170168638,-51.1857707314621,-13.9808136257422,-61.7035924637164,-42.2257170168638
16.0713810952081,-13.4093438159773,11.822561032762,42.636866067911,-50.9874543266386,-13.4093438159773,-61.5646427753847,-42.636866067911
16.712101381178,-12.8376297807456,12.3960123072355,43.0410530609406,-50.7810541092217,-12.8376297807456,-61.4160966912387,-43.0410530609406
17.3501720448557,-12.2658383751134,12.9681365691472,43.4381218267908,-50.5666028029606,-12.2658383751134,-61.257984419978,-43.4381218267908
17.9854919232445,-11.6941353250978,13.5388675848125,43.8279175955309,-50.3441344080656,-11.6941353250978,-61.0903375872763,-43.8279175955309
18.6179602894716,-11.1226851396103,14.1081389492198,44.2102870530355,-50.1136841958175,-11.1226851396103,-60.9131892253711,-44.2102870530356
19.2474768687573,-10.5516510230848,14.6758840765778,44.5850783963642,-49.8752887029752,-10.5516510230848,-60.7265737624722,-44.5850783963643
19.8739418543136,-9.98119478887788,15.2420361910759,44.9521413879709,-49.6289857259831,-9.98119478887788,-60.5305270119989,-44.9521413879709
20.4972559231675,-9.41147677353586,15.8065283178851,45.3113274087714,-49.3748143149789,-9.41147677353586,-60.3250861616542,-45.3113274087714
21.1173202519089,-8.84265575201715,16.3692932744253,45.6624895100993,-49.1128147676021,-8.84265575201715,-60.1102897623432,-45.6624895100993
21.7340365323578,-8.27488885396433,16.9302636619282,46.005482464581,-48.843028622605,-8.27488885396433,-59.8861777169467,-46.005482464581
22.3473069871512,-7.70833148111578,17.4893718573191,46.3401628159661,-48.5654986532672,-7.70833148111578,-59.6527912689562,-46.3401628159661
22.9570343852449,-7.14313722594913,18.0465500054486,46.6663889279484,-48.2802688606138,-7.14313722594913,-59.4101729909806,-46.6663889279484
23.563122057329,-6.57945779164716,18.601730011697,46.9840210320167,-47.9873844664396,-6.57945779164716,-59.1583667731321,-46.9840210320167
24.1654739111546,-6.01744291347641,19.1548435349804,47.2929212743756,-47.686891906139,-6.01744291347641,-58.8974178113012,-47.2929212743756
24.7639944467684,-5.45724028166782,19.7058219811838,47.5929537619758,-47.378838821344,-5.45724028166782,-58.6273725953279,-47.5929537619758
25.3585887716542,-4.89899546588786,20.254596497047,47.8839846076989,-47.0632740523713,-4.89899546588786,-58.3482788970791,-47.8839846076989
25.9491626157771,-4.34285184138716,20.8010979645289,48.1658819747403,-46.7402476304783,-4.34285184138716,-58.0601857584388,-48.1658819747403
26.5356223465301,-3.78895051691226,21.3452569956748,48.4385161202341,-46.409810769931,-3.78895051691226,-57.763143479222,-48.4385161202341
27.1178749835786,-3.2374302644648,21.8870039280125,48.7017594381664,-46.0720158598848,-3.2374302644648,-57.4572036050178,-48.7017594381664
27.6958282136025,-2.68842745098998,22.4262688204989,48.9554865016235,-45.7269164560775,-2.68842745098998,-57.1424189149722,-48.9554865016235
28.2693904049315,-2.14207597207487,22.962981450043,49.199574104422,-45.3745672723393,-2.14207597207487,-56.8188434095168,-49.199574104422
28.8384706220732,-1.59850718773461,23.4970713086253,49.4339013021669,-45.0150241719173,-1.59850718773461,-56.4865322980528,-49.4339013021669
29.4029786401304,-1.0578498603618,24.0284676010375,49.6583494527876,-44.6483441586192,-1.0578498603618,-56.1455419865962,-49.6583494527876
29.9628249591058,-0.520230094912774,24.5570992432622,49.8728022565956,-44.2745853677757,-0.520230094912774,-55.7959300653937,-49.8728022565956
30.5179208180918,0.0142287185992467,25.082894861513,50.0771457959162,-43.8938070570229,0.0142287185992467,-55.437755296515,-50.0771457959162
31.068178209343,0.545405960236412,25.605782791955,50.2712685743349,-43.5060695969077,0.545405960236412,-55.071077601429,-50.2712685743349
31.6135098922296,1.0731838328294,26.1256910811225,50.4550615556114,-43.1114344613163,1.0731838328294,-54.6959580485716,-50.4550615556114
32.1538294070689,1.59744741217048,26.6425474870522,50.6284182023034,-42.7099642177278,1.59744741217048,-54.3124588409099,-50.6284182023034
32.6890510888328,2.11808469464815,27.1562794811479,50.7912345141462,-42.3017225172942,2.11808469464815,-53.9206433035113,-50.7912345141462
33.2190900807301,2.63498664226928,27.6668142507905,50.943409066234,-41.8867740847491,2.63498664226928,-53.5205758711218,-50.943409066234
33.7438623476598,3.14804722501798,28.1740787027092,51.0848430470457,-41.4651847081459,3.14804722501798,-53.11232207576,-51.0848430470458
34.2632846895343,3.65716346050387,28.6779994671245,51.2154402963566,-41.0370212284273,3.65716346050387,-52.6959485343326,-51.2154402963566
34.7772747544708,4.16223545085712,29.1785029026755,51.3351073430795,-40.602351528828,4.16223545085712,-52.2715229362757,-51.3351073430795
35.2857510518473,4.66316641683061,29.675515102141,51.4437534430739,-40.1612445241122,4.66316641683061,-51.8391140312276,-51.443753443074
35.7886329652231,5.15986272907449,30.1689618989642,51.5412906169622,-39.7137701496474,5.15986272907449,-51.3987916167375,-51.5412906169622
36.2858407651195,5.65223393655216,30.6587688745861,51.6276336879895,-39.2599993503166,5.65223393655216,-50.9506265260136,-51.6276336879895
36.7772956216613,6.14019279207089,31.144861366597,51.7027003199636,-38.8000040692705,6.14019279207089,-50.4946906157155,-51.7027003199636
37.262919617074,6.62365527490484,31.6271644777077,51.7664110553082,-38.3338572365208,6.62365527490484,-50.0310567537941,-51.7664110553083
37.7426357580379,7.10254061049266,32.1056030855455,51.8186893532606,-37.8616327573779,7.10254061049266,-49.5597988073812,-51.8186893532606
38.2163679878951,7.57677128719564,32.5801018532758,51.8594616282444,-37.3834055007334,7.57677128719564,-49.0809916307332,-51.8594616282445
38.6840411987072,8.04627307010777,33.0505852410511,51.8886572884462,-36.89925128719,8.04627307010777,-48.5947110532308,-51.8886572884462
39.1455812431643,8.51097501191276,33.5169775182846,51.9062087746198,-36.4092468770407,8.51097501191276,-48.1010338674358,-51.9062087746198
39.6009149463396,8.97080946078768,33.9792027767474,51.9120515991435,-35.9134699580986,8.97080946078768,-47.6000378172086,-51.9120515991435
40.049970117292,9.42571206535789,34.4371849444848,51.9061243853511,-35.4119991333799,9.42571206535789,-47.0918015858862,-51.9061243853511
40.4926755605107,9.87562177671138,34.8908478005464,51.8883689071548,-34.9049139086418,9.87562177671138,-46.5764047845227,-51.8883689071548
40.9289610872036,10.3204808474861,35.340114990524,51.8587301289784,-34.3922946797775,10.3204808474861,-46.0539279401926,-51.8587301289784
41.3587575264249,10.7602348280476,35.7849100428876,51.8171562460135,-33.8742227200694,10.7602348280476,-45.5244524843571,-51.8171562460135
41.7819967360422,11.1948325597782,36.2251563861118,51.7635987248099,-33.3507801673039,11.1948325597782,-44.9880607412941,-51.7635987248099
42.1986116135399,11.6242261655052,36.6607773665809,51.6980123442103,-32.8220500107488,11.6242261655052,-44.4448359165906,-51.6980123442103
42.6085361066577,12.0483710370967,37.0916962672599,51.6203552366345,-32.2881160779956,12.0483710370967,-43.8948620856974,-51.6203552366345
43.0117052238636,12.4672258202603,37.5178363271198,51.530588929716,-31.7490630216695,12.4672258202603,-43.3382241825454,-51.530588929716
43.4080550446573,12.8807523965832,37.9391207612993,51.4286783882931,-31.2049763060073,12.8807523965832,-42.7750079882208,-51.4286783882931
43.7975227297047,13.2889158628555,38.3554727819904,51.3145920567501,-30.6559421933086,13.2889158628555,-42.2053001196994,-51.3145920567501
44.180046530801,13.6916845077226,38.7668156200277,51.1883019017045,-30.1020477302581,13.6916845077226,-41.6291880186368,-51.1883019017046
44.5555658006602,14.0890297857181,39.1730725471651,51.0497834550312,-29.5433807341257,14.0890297857181,-41.0467599402122,-51.0497834550313
44.9240210025308,14.4809262887273,39.5741668990183,50.8990158572111,-28.9800297788433,14.4809262887273,-40.4581049420244,-50.8990158572111
45.2853537196348,14.8673517149419,39.9700220986547,50.735981900992,-28.4120841809614,14.8673517149419,-39.8633128730356,-50.735981900992
45.6395066644293,15.2482868353622,40.3605616808067,50.5606680753402,-27.8396339854889,15.2482868353622,-39.2624743625616,-50.5606680753402
45.9864236876896,15.6237154579134,40.7457093166881,50.3730646096646,-27.2627699516167,15.6237154579134,-38.6556808093037,-50.3730646096646
46.3260497874111,15.993624389238,41.1253888393879,50.1731655182856,-26.6815835383282,15.993624389238,-38.0430243704198,-50.1731655182856
46.6583311175294,16.3580033942375,41.4995242698179,49.9609686451244,-26.0961668898991,16.3580033942375,-37.4245979506302,-49.9609686451245
46.9832149964577,16.7168451534307,41.8680398431897,49.736475708576,-25.5066128212882,16.7168451534307,-36.8004951913543,-49.736475708576
47.3006499154392,17.0701452182055,42.2308600359931,49.4996923465349,-24.9130148034223,17.0701452182055,-36.1708104598752,-49.4996923465349
47.6105855467132,17.4179019640382,42.5879095934509,49.2506281615343,-24.3154669483764,17.4179019640382,-35.5356388385259,-49.2506281615343
47.9129727514945,17.7601165417599,42.9391135574219,48.9892967659511,-23.7140639944531,17.7601165417599,-34.8950761138939,-48.9892967659512
48.2077635877645,18.0967928269486,43.284397294724,48.7157158272396,-23.1089012911622,18.0967928269486,-34.2492187660396,-48.7157158272396
48.4949113178716,18.42793736753,43.6236865258489,48.4299071131326,-22.5000747841033,18.42793736753,-33.5981639577238,-48.4299071131326
48.7743704159414,18.7535593296692,43.9569073540409,48.1318965367663,-21.8876809997544,18.7535593296692,-32.9420095236382,-48.1318965367663
49.0460965750949,19.0736704420381,44.2839862947073,47.8217142016639,-21.2718170301679,19.0736704420381,-32.2808539596366,-47.8217142016639
49.3100467144726,19.3882849385444,44.6048503051345,47.4993944465187,-20.6525805175771,19.3882849385444,-31.6147964119584,-47.4993944465187
49.5661789860653,19.6974194996078,44.9194268144769,47.1649758897109,-20.0300696389156,19.6974194996078,-30.9439366664423,-47.1649758897109
49.8144527813487,20.0010931920715,45.2276437539897,46.8185014734864,-19.4043830902519,20.0010931920715,-30.2683751377241,-46.8185014734864
50.0548287377215,20.2993274078365,45.5294295874755,46.4600185077252,-18.7756200711413,20.2993274078365,-29.5882128584122,-46.4600185077253
50.2872687447463,20.5921458013065,45.8247133419135,46.0895787132191,-18.1438802688988,20.5921458013065,-28.9035514682381,-46.0895787132191
50.511735950192,20.879574225732,46.113424638242,45.7072382643768,-17.5092638427936,20.879574225732,-28.2144932031745,-45.7072382643768
50.7281947658761,21.1616406685411,46.3954937222629,45.3130578312701,-16.8718714081697,21.1616406685411,-27.5211408845177,-45.3130578312702
50.9366108733076,21.4383751857469,46.6708514956379,44.9071026209277,-16.2318040204938,21.4383751857469,-26.8235979079273,-44.9071026209277
51.1369512291275,21.7098098355163,46.9394295469473,44.4894424177829,-15.5891631593333,21.7098098355163,-26.1219682324208,-44.4894424177829
51.3291840703479,21.9759786109899,47.2011601827808,44.0601516231736,-14.9440507122673,21.9759786109899,-25.4163563693154,-44.0601516231736
51.5132789193881,22.2369173724385,47.4559764588302,43.6193092937918,-14.2965689587328,22.2369173724385,-24.7068673711137,-43.6193092937918
51.6892065889061,22.4926637788409,47.7038122109558,43.1669991789712,-13.646820553809,22.4926637788409,-23.9936068203289,-43.1669991789712
51.8569391864266,22.7432572189692,47.944602086197,42.7033097567018,-12.9949085119412,22.7432572189692,-23.2766808182432,-42.7033097567018
52.0164501187632,22.9887387420633,48.1782815736979,42.2283342682534,-12.3409361906093,22.9887387420633,-22.5561959735963,-42.2283342682534
52.1677140962343,23.2291509881784,48.4047870355213,41.7421707512838,-11.6850072739401,23.2291509881784,-21.8322593911993,-41.7421707512838
52.3107071366727,23.4645381182843,48.624055737322,41.2449220713098,-11.0272257562693,23.4645381182843,-21.1049786604689,-41.2449220713098
52.4454065692284,23.6949457441969,48.8360258788536,40.7366959514048,-10.3676959256534,23.6949457441969,-20.3744618438789,-40.7366959514048
52.5717910379621,23.9204208584196,49.0406366242813,40.2176049999933,-9.70652234733523,23.9204208584196,-19.6408174653243,-40.2176049999933
52.6898405052319,24.141011763968,49.237828132276,39.6877667366003,-9.04380984716605,24.141011763968,-18.9041544983948,-39.6877667366003
52.7995362548695,24.3567680042551,49.427541585863,39.1473036154139,-8.37966349498561,24.3567680042551,-18.1645823545532,-39.1473036154139
52.900860895148,24.5677402931048,49.6097192220027,38.5963430465138,-7.71418858796389,24.5677402931048,-17.4222108712161,-38.5963430465138
52.9937983615392,24.773980444967,49.784304360878,38.0350174146163,-7.04749063390678,24.773980444967,-16.6771502997333,-38.0350174146163
53.0783339192602,24.975541305399,49.9512414348655,37.4634640951795,-6.37967533452833,24.975541305399,-15.9295112932633,-37.4634640951795
53.1544541656101,25.1724766818805,50.1104760171698,36.8818254677147,-5.71084856869221,25.1724766818805,-15.1794048945414,-36.8818254677147
53.2221470320944,25.3648412750232,50.2619548500967,36.2902489261401,-5.04111637562523,25.3648412750232,-14.4269425235381,-36.2902489261401
53.2814017863389,25.5526906102375,50.4056258729476,35.6888868860143,-4.37058493810529,25.5526906102375,-13.6722359650056,-35.6888868860143
53.3322090337908,25.7360809699135,50.5414382495128,35.0778967884856,-3.69936056562653,25.7360809699135,-12.9153973559105,-35.0778967884856
53.3745607192085,25.9150693261717,50.6693423951459,34.4574411007836,-3.02754967754461,25.9150693261717,-12.1565391727496,-34.4574411007836
53.4084501279384,26.0897132742378,50.789290003401,33.827687313088,-2.35525878620436,26.0897132742378,-11.3957742187482,-33.827687313088
53.4338718869798,26.2600709664914,50.9012340722155,33.188807931598,-1.68259448005276,26.2600709664914,-10.6332156109394,-33.188807931598
53.4508219658366,26.426201047237,51.0051289296207,32.5409804676304,-1.00966340673998,26.426201047237,-9.86897676712243,-32.5409804676304
53.4592976771564,26.588162588244,51.1009302589668,31.8843874225711,-0.336572256210753,26.588162588244,-9.10317139269933,-31.8843874225711
53.4592976771564,26.746015025097,51.1885951236461,31.2192162685055,0.336572256210716,26.746015025097,-8.33591346738952,-31.2192162685055
53.4508219658366,26.8998180943987,51.2680819913005,30.5456594243506,1.00966340673997,26.8998180943987,-7.56731723182123,-30.5456594243506
53.4338718869798,27.0496317718629,51.3393507575011,29.8639142273163,1.68259448005277,27.0496317718629,-6.79749717399977,-29.8639142273164
53.4084501279384,27.1955162113329,51.4023627688868,29.1741828995207,2.35525878620434,27.1955162113329,-6.02656801565223,-29.1741828995207
53.3745607192085,27.3375316847588,51.4570808457513,28.4766725095865,3.0275496775446,27.3375316847588,-5.25464469844905,-28.4766725095866
53.3322090337908,27.4757385231636,51.5034693040684,27.7715949290501,3.69936056562652,27.4757385231636,-4.48184237010264,-27.7715949290501
53.2814017863389,27.6101970586279,51.5414939769441,27.0591667834135,4.37058493810528,27.6101970586279,-3.70827637034362,-27.0591667834135
53.2221470320944,27.7409675673168,51.5711222354894,26.3396093976784,5.04111637562524,27.7409675673168,-2.93406221677542,-26.3396093976785
53.1544541656101,27.8681102135736,51.5923230091035,25.613148736198,5.71084856869219,27.8681102135736,-2.15931559060848,-25.613148736198
53.0783339192602,27.9916849951018,51.6050668051614,24.8800153366962,6.37967533452829,27.9916849951018,-1.38415232227467,-24.8800153366962
52.9937983615392,28.1117516892532,51.6093257280993,24.1404442383013,7.04749063390674,28.1117516892532,-0.608688376924087,-24.1404442383013
52.900860895148,28.2283698004394,51.6050734978919,23.3946749034526,7.71418858796385,28.2283698004394,0.166960160194799,-23.3946749034526
52.7995362548695,28.3415985086805,51.5922854679164,22.6429511335438,8.37966349498562,28.3415985086805,0.942677098469631,-22.6429511335438
52.6898405052319,28.4514966193045,51.5709386422006,21.8855209781746,9.04380984716606,28.4514966193045,1.71834615677103,-21.8855209781746
52.5717910379621,28.5581225138064,51.5410116920486,21.122636637892,9.70652234733522,28.5581225138064,2.49385097841059,-21.122636637892
52.4454065692284,28.661534101877,51.5024849720446,20.3545543603113,10.3676959256534,28.661534101877,3.26907514620643,-20.3545543603113
52.3107071366727,28.7617887746062,51.4553405354302,19.5815343295172,11.0272257562693,28.7617887746062,4.04390219765489,-19.5815343295172
52.1677140962343,28.8589433588664,51.3995621488546,18.8038405486607,11.6850072739401,28.8589433588664,4.81821564020513,-18.8038405486607
52.0164501187632,28.9530540728796,51.3351353064969,18.0217407156695,12.3409361906093,28.9530540728796,5.59189896663411,-18.0217407156695
51.8569391864266,29.0441764829684,51.2620472435595,17.2355060920184,12.9949085119412,29.0441764829684,6.36483567051881,-17.2355060920184
51.6892065889061,29.1323654614914,51.1802869491333,16.4454113645051,13.646820553809,29.1323654614914,7.13690926180292,-16.4454113645051
51.5132789193881,29.2176751459604,51.0898451784354,15.6517345000005,14.2965689587328,29.2176751459604,7.90800328245449,-15.6517345000005
51.3291840703479,29.3001588993379,50.9907144644197,14.8547565931577,14.9440507122673,29.3001588993379,8.67800132221132,-14.8547565931577
51.1369512291275,29.3798692715087,50.8828891287638,14.0547617070753,15.5891631593333,29.3798692715087,9.44678703441068,-14.0547617070753
50.9366108733076,29.4568579619208,50.7663652922315,13.2520367069358,16.2318040204938,29.4568579619208,10.2142441518999,-13.2520367069358
50.7281947658761,29.5311757833881,50.641140884417,12.4468710866524,16.8718714081697,29.5311757833881,10.9802565030241,-12.4468710866524
50.511735950192,29.6028726270484,50.5072156528707,11.6395567885766,17.5092638427935,29.6028726270484,11.7447080276871,-11.6395567885766
50.2872687447463,29.6719974284654,50.3645911716113,10.8303880163442,18.1438802688988,29.6719974284654,12.5074827934822,-10.8303880163442
50.0548287377215,29.7385981348666,50.2132708490275,10.0196610409515,18.7756200711413,29.7385981348666,13.2684650118887,-10.0196610409515
49.8144527813487,29.8027216735062,50.0532599351737,9.20767400017745,19.4043830902519,29.8027216735062,14.0275390545296,-9.20767400017745
49.5661789860654,29.8644139211406,49.8845655284631,8.39472669148959,20.0300696389156,29.8644139211406,14.7845894694877,-8.39472669148959
49.3100467144726,29.9237196746052,49.7071965817633,7.58112035859204,20.6525805175771,29.9237196746052,15.5395009976751,-7.58112035859204
49.0460965750949,29.9806826224792,49.5211639078989,6.76715747179949,21.2718170301679,29.9806826224792,16.2921585892522,-6.76715747179949
48.7743704159414,30.0353453178259,49.326480184566,5.95314150243875,21.8876809997544,30.0353453178259,17.0424474200921,-5.95314150243875
48.4949113178716,30.0877491519941,49.1231599586637,5.13937669150892,22.5000747841033,30.0877491519941,17.7902529082859,-5.13937669150892
48.2077635877645,30.1379343294661,48.9112196500481,4.32616781284916,23.1089012911622,30.1379343294661,18.5354607306858,-4.32616781284916
47.9129727514945,30.18593984374,48.6906775547135,3.51381993109079,23.7140639944531,30.18593984374,19.2779568394801,-3.51381993109079
47.6105855467132,30.2318034542288,48.4615538474073,2.7026381546927,24.3154669483764,30.2318034542288,20.0176274787972,-2.7026381546927
47.3006499154392,30.2755616641644,48.2238705836834,1.89292738437742,24.9130148034223,30.2755616641644,20.7543592013338,-1.89292738437741
46.9832149964577,30.3172496994892,47.9776517013997,1.08499205731926,25.5066128212882,30.3172496994892,21.4880388850029,-1.08499205731925
46.6583311175294,30.3569014887233,47.7229230216662,0.279135887446966,26.0961668898991,30.3569014887233,22.2185537495983,-0.279135887446966
46.3260497874111,30.3945496437892,47.4597122492481,-0.524338397745964,26.6815835383282,30.3945496437892,22.9457913734699,0.524338397745971
45.9864236876896,30.4302254417826,47.1880489724313,-1.32512932347331,27.2627699516166,30.4302254417826,23.6696397102069,1.32512932347331
45.6395066644293,30.4639588076723,46.9079646623543,-2.12293693657594,27.8396339854889,30.4639588076723,24.3899871053244,2.12293693657594
45.2853537196347,30.4957782979173,46.6194926718129,-2.91746307663685,28.4120841809614,30.4957782979173,25.1067223129489,2.91746307663685
44.9240210025308,30.5257110849844,46.3226682335435,-3.70841164881917,28.9800297788433,30.5257110849844,25.8197345124985,3.70841164881917
44.5555658006602,30.5537829427558,46.0175284579904,-4.49548889793483,29.5433807341257,30.5537829427558,26.5289133253552,4.49548889793483
44.180046530801,30.5800182328108,45.7041123305616,-5.27840368323869,30.1020477302581,30.5800182328108,27.2341488315231,5.27840368323869
43.7975227297047,30.6044398915704,45.3824607083799,-6.05686775341837,30.6559421933086,30.6044398915704,27.9353315862702,6.05686775341837
43.4080550446573,30.6270694182925,45.0526163165336,-6.83059602125129,31.2049763060074,30.6270694182925,28.6323526367493,6.83059602125129
43.0117052238636,30.6479268639051,44.7146237438315,-7.59930683736516,31.7490630216695,30.6479268639051,29.3251035385943,7.59930683736516
42.6085361066577,30.6670308206671,44.3685294380681,-8.36272226255179,32.2881160779956,30.6670308206671,30.013476372488,8.3627222625518
42.1986116135399,30.6843984126455,44.0143817008026,-9.12056833805478,32.8220500107487,30.6843984126455,30.6973637606979,9.12056833805478
41.7819967360423,30.7000452870007,43.6522306816579,-9.87257535325233,33.3507801673038,30.7000452870007,31.3766588835762,9.87257535325233
41.3587575264249,30.7139856060676,43.2821283721412,-10.6184781101548,33.8742227200693,30.7139856060676,32.0512554960207,10.6184781101548
40.9289610872036,30.7262320402276,42.9041285989938,-11.3580161841207,34.3922946797775,30.7262320402276,32.7210479438925,11.3580161841207
40.4926755605107,30.7367957615612,42.5182870170711,-12.0909341802082,34.9049139086418,30.7367957615612,33.3859311803886,12.0909341802082
40.049970117292,30.7456864382748,42.1246611017583,-12.8169819845666,35.4119991333798,30.7456864382748,34.0458007823638,12.8169819845666
39.6009149463396,30.7529122298962,41.7233101409243,-13.5359150102843,35.9134699580986,30.7529122298962,34.7005529666012,13.5359150102843
39.1455812431643,30.7584797832324,41.3142952264186,-14.2474944371072,36.4092468770407,30.7584797832324,35.3500846060262,14.2474944371072
38.6840411987072,30.7623942290859,40.8976792451118,-14.9514874444588,36.89925128719,30.7623942290859,35.9942932458618,14.9514874444588
38.2163679878951,30.7646591797249,40.4735268694851,-15.6476674371869,37.3834055007334,30.7646591797249,36.6330771197228,15.6476674371869
37.7426357580379,30.7652767271057,40.0419045477693,-16.3358142634969,37.8616327573779,30.7652767271057,37.2663351656449,16.3358142634969
37.262919617074,30.7642474418435,39.6028804936375,-17.0157144245177,38.3338572365208,30.7642474418435,37.8939670420466,17.0157144245177
36.7772956216613,30.7615703729322,39.1565246754517,-17.6871612749877,38.8000040692705,30.7615703729322,38.5158731436214,17.6871612749878
36.2858407651196,30.7572430482121,38.7029088050666,-18.3499552145554,39.2599993503166,30.7572430482121,39.1319546171575,18.3499552145554
35.7886329652231,30.7512614755853,38.2421063261914,-19.0039038692026,39.7137701496474,30.7512614755853,39.7421133772819,19.0039038692026
35.2857510518473,30.7436201449816,37.7741924023111,-19.6488222623427,40.1612445241122,30.7436201449816,40.3462521221287,19.6488222623427
34.7772747544708,30.7343120310765,37.2992439041687,-20.284532975147,40.602351528828,30.7343120310765,40.9442743489263,20.284532975147
34.2632846895343,30.7233285967637,36.8173393968082,-20.9108662956972,41.0370212284273,30.7233285967637,41.5360843695033,20.9108662956972
33.7438623476598,30.710659797388,36.3285591261802,-21.5276603565823,41.4651847081459,30.710659797388,42.1215873257118,21.5276603565823
33.2190900807302,30.6962940857412,35.8329850053099,-22.1347612605881,41.8867740847491,30.6962940857412,42.7006892047631,22.1347612605881
32.6890510888328,30.680218417828,35.3307006000269,-22.7320231941662,42.3017225172942,30.680218417828,43.2732968544772,22.7320231941662
32.1538294070689,30.662418259408,34.8217911142581,-23.3193085283964,42.7099642177278,30.662418259408,43.8393179984422,23.3193085283964
31.6135098922297,30.642877593321,34.3063433748817,-23.8964879071925,43.1114344613163,30.642877593321,44.3986612510831,23.8964879071925
31.068178209343,30.6215789276035,33.7844458161434,-24.4634403225419,43.5060695969077,30.6215789276035,44.9512361326375,24.4634403225419
30.5179208180919,30.598503304405,33.2561884636331,-25.0200531766004,43.8938070570228,30.598503304405,45.4969530840376,25.0200531766004
29.9628249591058,30.5736303097134,32.7216629178203,-25.5662223305072,44.2745853677757,30.5736303097134,46.0357234816961,25.5662223305072
29.4029786401304,30.5469380839007,32.1809623371495,-26.1018521398172,44.6483441586192,30.5469380839007,46.5674596521955,26.1018521398172
28.8384706220732,30.5184033330978,31.634181420691,-26.6268554764954,45.0150241719173,30.5184033330978,47.0920748868793,26.6268554764954
28.2693904049315,30.488001341411,31.0814163903488,-27.1411537374493,45.3745672723393,30.488001341411,47.609483456344,27.1411537374494
27.6958282136025,30.455705983992,30.5227649726213,-27.6446768396153,45.7269164560775,30.455705983992,48.11960062483,27.6446768396153
27.1178749835786,30.4214897409732,29.9583263799148,-28.1373632016675,46.0720158598848,30.4214897409732,48.622342664512,28.1373632016675
26.5356223465301,30.385323712282,29.3882012914064,-28.6191597124329,46.409810769931,30.385323712282,49.117626869686,28.6191597124329
25.9491626157771,30.3471776333462,28.8124918334557,-29.0900216861584,46.7402476304783,30.3471776333462,49.6053715708544,29.0900216861584
25.3585887716542,30.3070198917055,28.231301559562,-29.5499128047991,47.0632740523713,30.3070198917055,50.0854961487053,29.5499128047991
24.7639944467684,30.2648175445423,27.6447354298647,-29.9988050475419,47.378838821344,30.2648175445423,50.5579210479886,29.9988050475419
24.1654739111546,30.2205363371462,27.0528997901864,-30.4366786078073,47.6868919061389,30.2205363371462,51.0225677912855,30.4366786078074
23.563122057329,30.1741407223269,26.455902350613,-30.8635217980177,47.9873844664396,30.1741407223269,51.4793589926719,30.8635217980177
22.9570343852449,30.1255938807902,25.8538521636124,-31.2793309424417,48.2802688606138,30.1255938807902,51.9282183712755,31.2793309424418
22.3473069871512,30.0748577424912,25.2468596016857,-31.6841102584697,48.5654986532672,30.0748577424912,52.369070764725,31.6841102584697
21.7340365323579,30.0218930089807,24.6350363345514,-32.0778717266936,48.843028622605,30.0218930089807,52.8018421424913,32.0778717266936
21.1173202519089,29.9666591767584,24.018495305858,-32.4606349502051,49.1128147676021,29.9666591767584,53.2264596191209,32.4606349502051
20.4972559231675,29.9091145616484,23.3973507094249,-32.8324270035411,49.3748143149789,29.9091145616484,53.6428514673592,32.8324270035412
19.8739418543136,29.849216324211,22.7717179650072,-33.1932822717434,49.6289857259831,29.849216324211,54.0509471311656,33.1932822717434
19.2474768687573,29.7869204962056,22.1417136935836,-33.5432422800113,49.8752887029752,29.7869204962056,54.450677238618,33.5432422800113
18.6179602894716,29.7221820081178,21.5074556921653,-33.8823555144532,50.1136841958175,29.7221820081178,54.8419736147066,33.8823555144532
17.9854919232446,29.6549547177656,20.8690629081235,-34.2106772344649,50.3441344080656,29.6549547177656,55.2247692940181,34.2106772344649
17.3501720448557,29.5851914399966,20.2266554130344,-34.5282692772659,50.5666028029606,29.5851914399966,55.5989985333072,34.528269277266
16.712101381178,29.5128439774893,19.5803543760398,-34.8351998551595,50.7810541092217,29.5128439774893,55.9645968239575,34.8351998551595
16.0713810952081,29.437863152671,18.9302820367219,-35.1315433460705,50.9874543266386,29.437863152671,56.3215009043291,35.1315433460705
15.4281127700272,29.3601988407625,18.2765616774918,-35.4173800779512,51.1857707314621,29.3601988407625,56.6696487719946,35.4173800779513
14.7823983926958,29.2798000039609,17.6193175954907,-35.692796107626,51.3759718815917,29.2798000039609,57.0089796958604,35.692796107626
14.134340338084,29.1966147267705,16.958675074003,-35.9578829946706,51.5580276215614,29.1966147267705,57.3394342281754,35.9578829946707
13.4840413526405,29.110590252489,16.294760353382,-36.2127375709181,51.7319090873201,29.110590252489,57.6609542164236,36.2127375709181
12.831604538103,29.0216730208589,15.627700601487,-36.4574617061802,51.8975887108082,29.0216730208589,57.9734828151028,36.4574617061802
12.177133335151,28.9298087068882,14.9576238836338,-36.6921620707761,52.0550402243282,28.9298087068882,58.2769644973866,36.6921620707761
11.5207315070068,28.8349422608488,14.2846591320594,-36.9169498954579,52.2042386647094,28.8349422608488,58.571345066669,36.9169498954579
10.8625031229839,28.7370179494534,13.6089361149011,-37.1319407293104,52.3451603772654,28.7370179494534,58.8565716679919,37.1319407293104
10.2025525419872,28.6359793982163,12.9305854046932,-37.3372541961996,52.4777830195452,28.6359793982163,59.1325927993534,37.3372541961997
9.54098439596758,28.531769634999,12.2497383463832,-37.5330137503368,52.6020855648745,28.531769634999,59.3993583228965,37.5330137503369
8.87790357333309,28.4243311347388,11.5665270248708,-37.7193464315077,52.7180483056901,28.4243311347388,59.656819475976,37.7193464315077
8.21341520231908,28.3136058653605,10.8810842320712,-37.8963826205039,52.8256528566641,28.3136058653605,59.9049288821038,37.896382620504
7.54762463432103,28.1995353348679,10.1935434335101,-38.0642557952896,52.9248821576191,28.1995353348679,60.1436405617699,38.0642557952896
6.88063742719138,28.0820606396073,9.50403873445151,-38.2231022884003,53.0157204762324,28.0820606396073,60.3729099431381,38.2231022884004
6.21255932850376,27.9611225137,8.81270484556561,-38.3730610460786,53.0981534105311,27.9611225137,60.5926938726152,38.3730610460786
5.5434962587875,27.8366613796313,8.1196770481418,-38.5142733896045,53.1721678911748,27.8366613796313,60.8029506252909,38.5142733896045
4.87355429473413,27.7086173999871,7.42509115885315,-38.6468827792877,53.2377521835281,27.7086173999871,61.0036399152473,38.6468827792878
4.20283965237977,27.5769305303249,6.72908349408014,-38.7710345815403,53.2948958895208,27.5769305303249,61.194722905736,38.7710345815403
3.5314586702647,27.4415405731638,6.03179083380027,-38.8868758394521,53.3435899492965,27.4415405731638,61.3761622192202,38.8868758394522
2.85951779257445,27.3023872330767,5.3333503850538,-38.9945550472479,53.3838266426492,27.3023872330767,61.547921947279,38.9945550472479
2.18712355226293,27.1594101728651,4.63389974499253,-39.0942219289946,53.4155995902471,27.1594101728651,61.709967660373,39.0942219289946
1.51438255416272,27.0125490707949,3.93357686352447,-39.186027221903,53.4389037546442,27.0125490707949,61.862266417467,39.186027221903
0.841401458082987,26.8617436788692,3.23252000556248,-39.2701224645371,53.4537354410785,26.8617436788692,62.0047867755073,39.2701224645371
0.168286961899384,26.706933882112,2.53086771289046,-39.3466597902257,53.4600922980585,26.706933882112,62.1374987987513,39.3466597902257
-0.504854215362485,26.5480597588334,1.82875876565839,-39.4157917259503,53.4579733177354,26.5480597588334,62.2603740679453,39.4157917259503
-1.17791535044701,26.3850616418462,1.12633214351927,-39.4776709969471,53.4473788360632,26.3850616418462,62.3733856893481,39.4776709969471
-1.85078973278868,26.2178801805982,0.423726986423269,-39.5324503372523,53.4283105327454,26.2178801805982,62.4765083035959,39.5324503372524
-2.52337068143093,26.046456404187,-0.278917444918127,-39.5802823063814,53.4007714309688,26.046456404187,62.5697180944052,39.5802823063814
-3.19555156193951,25.8707317852151,-0.98146180888039,-39.6213191123188,53.3647658969236,25.8707317852151,62.6529927971104,39.6213191123189
-3.8672258033091,25.6906483044472,-1.68376672307154,-39.6557124409688,53.3202996391121,25.6906483044472,62.7263117070311,39.6557124409688
-4.53828691485947,25.506148516224,-2.38569280475706,-39.6836132921919,53.2673797074428,25.506148516224,62.7896556876653,39.6836132921919
-5.20862850311932,25.3171756145859,-3.08710071154642,-39.7051718225347,53.2060144921133,25.3171756145859,62.8430071787038,39.7051718225348
-5.87814428869403,25.1236735000603,-3.78785118232146,-39.7205371947323,53.1362137222795,25.1236735000603,62.8863502038619,39.7205371947323
-6.54672812311619,24.9255868470571,-4.48780507838822,-39.729857434048,53.0579884645137,24.9255868470571,62.9196703785227,39.729857434048
-7.21427400567457,24.7228611718225,-5.18682342483001,-39.7332792914896,52.9713511210496,24.7228611718225,62.9429549171871,39.7332792914896
-7.88067610022014,24.5154429008919,-5.88476745204147,-39.7309481139219,52.876315427816,24.5154429008919,62.9561926407264,39.730948113922
-8.54582875194602,24.3032794399847,-6.58149863742103,-39.7230077210816,52.7728964522593,24.3032794399847,62.9593739834307,39.7230077210816
-9.20962650413825,24.0863192432785,-7.27687874719845,-39.7096002894714,52.6611105909546,24.0863192432785,62.9524909998481,39.7096002894715
-9.87196411489581,23.8645118830007,-7.97076987837456,-39.690866243108,52.5409755670056,23.8645118830007,62.9355373714104,39.6908662431081
-10.5327365738156,23.6378081192704,-8.66303450074694,-39.666944151066,52.4125104272356,23.6378081192704,62.9085084128368,39.666944151066
-11.1918391186423,23.4061599701229,-9.35353549899913,-39.637970631756,52.2757355391668,23.4061599701229,62.8714010783117,39.637970631756
-11.8491672518767,23.1695207816475,-10.0421362148241,-39.604080263855,52.1306725877916,23.1695207816475,62.8242139674301,39.604080263855
-12.5046167573444,22.9278452981642,-10.7287004890583,-39.5654055037947,51.9773445721347,22.9278452981642,62.7669473309037,39.5654055037947
-13.158083716718,22.6810897323684,-11.413092703797,-39.5220766096999,51.8157758016062,22.6810897323684,62.6996030760216,39.5220766097
-13.8094645259934,22.429211835364,-12.0951778244644,-39.4742215716583,51.6459918921479,22.429211835364,62.6221847718589,39.4742215716583
-14.4586559119151,22.1721709665092,-12.7748214418091,-39.421966048188,51.4680197621719,22.1721709665092,62.5346976542277,39.421966048188
-15.1055549483502,21.9099281629959,-13.4518898137967,-39.3654333087686,51.2818876282928,21.9099281629959,62.4371486303614,39.3654333087687
-15.7500590726068,21.6424462090791,-14.12624990737,-39.3047441822769,51.0876250008539,21.6424462090791,62.3295462833279,39.304744182277
-16.3920661016943,21.3696897048773,-14.7977694400457,-39.2400170111789,50.8852626792489,21.3696897048773,62.2119008761629,39.2400170111789
-17.0314742485247,21.0916251346573,-15.46631692132,-39.1713676113017,50.6748327470384,21.0916251346573,62.084224355718,39.1713676113017
-17.6681821380499,20.8082209345204,-16.1317616938484,-39.0989092370205,50.4563685668635,20.8082209345204,61.9465303562145,39.0989092370205
-18.3020888233346,20.519447559403,-16.7939739743733,-39.0227525516803,50.229904775156,20.519447559403,61.7988342024975,39.0227525516803
-18.9330938015607,20.2252775493067,-17.4528248943639,-38.9430056030671,49.9954772766475,20.2252775493067,61.6411529129827,38.9430056030672
-19.5610970299618,19.9256855946681,-18.1081865403403,-38.8597738037397,49.7531232386761,19.9256855946681,61.4735052022879,38.8597738037397
-20.185998941684,19.6206486007829,-18.7599319938476,-38.7731599160383,49.5028810852945,19.6206486007829,61.2959114835431,38.7731599160383
-20.8077004615723,19.3101457511949,-19.4079353710499,-38.6832640415654,49.2447904911774,19.3101457511949,61.1083938703718,38.6832640415654
-21.4261030218782,18.9941585699621,-20.052071861912,-38.5901836149507,48.9788923753318,18.9941585699621,60.9109761785352,38.5901836149507
-22.0411085778871,18.6726709827114,-20.6922177689368,-38.4940134016983,48.7052288946091,18.6726709827114,60.7036839272348,38.4940134016983
-22.6526196234631,18.3456693763939,-21.3282505454266,-38.3948454999202,48.4238434370215,18.3456693763939,60.4865443400624,38.3948454999202
-23.2605392065076,18.013142657654,-21.9600488332378,-38.2927693457547,48.1347806148631,18.013142657654,60.2595863455954,38.2927693457548
-23.864770944331,17.6750823097233,-22.5874924999957,-38.187871722274,47.8380862576367,17.6750823097233,60.0228405776257,38.187871722274
-24.4652190389338,17.3314824477559,-23.2104626757407,-38.0802367716809,47.5338074047879,17.3314824477559,59.7763393750191,38.080236771681
-25.0617882921945,16.9823398725165,-23.828841788973,-37.9699460106017,47.221992298247,16.9823398725165,59.520116781196,37.9699460106018
-25.6543841209631,16.6276541223402,-24.4425136020673,-37.8570783482752,46.9026903747807,16.6276541223402,59.2542085432292,37.8570783482752
-26.2429125720566,16.2674275232789,-25.0513632460253,-37.7417101074547,46.5759522581543,16.2674275232789,58.97865211055,37.7417101074547
-26.8272803371551,15.9016652373542,-25.6552772545395,-37.6239150478219,46.2418297511049,15.9016652373542,58.693486633258,37.623915047822
-27.407394767595,15.5303753088377,-26.2541435973364,-37.5037643917381,45.9003758271289,15.5303753088377,58.3987529600288,37.5037643917382
-27.9831638890583,15.153568708479,-26.8478517127737,-37.3813268521389,45.5516446220834,15.153568708479,58.0944936356117,37.3813268521389
-28.5544964161546,14.7712593756085,-27.4362925396613,-37.2566686624027,45.1956914256026,14.7712593756085,57.780752897915,37.2566686624027
-29.1213017668939,14.3834642580401,-28.0193585482826,-37.1298536080087,44.8325726723325,14.3834642580401,57.4575766746706,37.1298536080087
-29.683490077048,13.9902033497035,-28.5969437705857,-37.000943059822,44.4623459329832,13.9902033497035,57.1250125796745,37.000943059822
-30.240972214398,13.591499725938,-29.1689438295254,-36.8699960088282,44.0850699052013,13.591499725938,56.7831099085976,36.8699960088282
-30.7936597928656,13.1873795763827,-29.7352559675253,-36.7370691021685,43.7008044042639,13.1873795763827,56.4319196343632,36.7370691021685
-31.3414651865268,12.7778722354003,-30.2957790740426,-36.6022166803056,43.3096103535948,12.7778722354003,56.0714944020854,36.6022166803057
-31.8843015435039,12.3630102099761,-30.8504137122095,-36.4654908151791,42.9115497751059,12.3630102099761,55.7018885235661,36.4654908151791
-32.422082799736,11.9428292050354,-31.3990621445328,-36.3269413491946,42.5066857793634,11.9428292050354,55.3231579713459,36.3269413491946
-32.9547236926238,11.5173681461278,-31.94162835763,-36.1866159349089,42.0950825555824,11.5173681461278,54.9353603723055,36.1866159349089
-33.4821397745472,11.0866691994291,-32.4780180859848,-36.0445600752782,41.6768053614496,11.0866691994291,54.5385550008165,36.0445600752782
-34.0042474262551,10.6507777890147,-33.0081388347033,-35.9008171643316,41.2519205127773,10.6507777890147,54.1328027714356,35.9008171643316
-34.5209638701215,10.2097426113658,-33.5318999012548,-35.7554285281499,40.8204953729893,10.2097426113658,53.7181662311438,35.7554285281499
-35.0322071832707,9.76361564706819,-34.049212396184,-35.608433466028,40.3825983424404,9.76361564706819,53.2947095511261,35.6084334660281
-35.5378963105647,9.31245216967157,-34.5599892627786,-35.4598692917102,39.9382988475727,9.31245216967157,52.8624985180912,35.4598692917102
-36.0379510774551,8.85631075168036,-35.0641452956815,-35.3097713745823,39.4876673299073,8.85631075168036,52.4216005251301,35.3097713745824
-36.5322922026935,8.39525326765081,-35.561597158437,-35.1581731807296,39.0307752348771,8.39525326765081,51.9720845621132,35.1581731807296
-37.0208413109019,7.92934489437309,-36.0522633999608,-35.005106313752,38.5676950004987,7.92934489437309,51.5140212056249,35.005106313752
-37.5035209449982,7.45865410812311,-36.5360644699267,-34.8506005552549,38.0985000458884,7.45865410812311,51.047482608437,34.8506005552549
-37.9802545784769,6.98325267897084,-37.0129227330625,-34.6946839049242,37.6232647596213,6.98325267897084,50.5725424885197,34.6946839049243
-38.4509666275419,6.50321566213873,-37.4827624823511,-34.5373826201074,37.1420644879379,6.50321566213873,50.0892761175939,34.5373826201074
-38.91558246309,6.01862138640613,-37.9455099511325,-34.3787212548261,36.654975522798,6.01862138640613,49.5977603092233,34.3787212548262
-39.374028422543,5.52955143956158,-38.4010933241055,-34.218722698154,36.162075089785,5.52955143956158,49.0980734064501,34.218722698154
-39.8262318215265,5.03609065090881,-38.849442747227,-34.0574082118893,35.6634413358624,5.03609065090881,48.590295268976,34.0574082118894
-40.2721209653937,4.53832707083637,-39.2904903365113,-33.8947974674729,35.1591533169838,4.53832707083637,48.0745072598908,33.8947974674729
-40.711625160592,4.03635194746585,-39.724170185731,-33.7309085820959,34.6492909855587,4.03635194746585,47.5507922319525,33.7309085820959
-41.1446747258717,3.53025970039746,-40.1504183730234,-33.5657581539416,34.1339351777771,3.53025970039746,47.0192345134213,33.5657581539416
-41.5712010033328,3.0201478915771,-40.5691729664073,-33.3993612965343,33.6131676007926,3.0201478915771,46.4799198934533,33.3993612965343
-41.9911363693112,2.50611719331147,-40.9803740282181,-33.2317316721428,33.0870708197687,2.50611719331147,45.9329356070554,33.2317316721428
-42.4044142450994,1.98827135346454,-41.383963618467,-33.0628815242191,32.555728244788,1.98827135346454,45.3783703196094,33.0628815242192
-42.8109691075028,1.46671715787013,-41.7798857971364,-32.8928217088321,32.0192241176284,1.46671715787013,44.8163141109674,32.8928217088322
-43.2107364992277,0.941564390001991,-42.1680866254199,-32.721561725083,31.4776434984066,0.941564390001991,44.2468584591264,32.7215617250831
-43.6036530391009,0.412925787944502,-42.5485141659209,-32.5491097444831,30.9310722520927,0.412925787944502,43.6700962234865,32.5491097444831
-43.9896564321184,-0.119083001287628,-42.9211184818223,-32.375472639272,30.3795970348959,-0.119083001287628,43.0861216276995,32.375472639272
-44.3686854793218,-0.654343470028659,-43.2858516350406,-32.2006560096802,29.8233052805267,-0.654343470028659,42.4950302421145,32.2006560096803
-44.7406800875015,-1.19273430078555,-43.6426676833839,-32.0246642101188,29.2622851863336,-1.19273430078555,41.8969189658273,32.0246642101189
-45.1055812787238,-1.73413141954673,-43.9915226767265,-31.8475003743031,28.6966256993207,-1.73413141954673,41.2918860083409,31.8475003743031
-45.4633311996818,-2.27840805151431,-44.3323746522212,-31.6691664393105,28.1264165020451,-2.27840805151431,40.6800308708452,31.6691664393105
-45.8138731308676,-2.82543477919385,-44.6651836285667,-31.4896631685796,27.5517479983983,-2.82543477919385,40.0614543271224,31.4896631685796
-46.157151495565,-3.3750796027743,-44.989911599352,-31.3089901738637,26.9727112992731,-3.3750796027743,39.4362584040883,31.3089901738637
-46.493111868661,-3.92720800272605,-45.3065225254968,-31.12714593615,26.3893982081185,-3.92720800272605,38.8045463619762,31.12714593615
-46.8217009852744,-4.48168300454421,-45.6149823268116,-30.944127825567,25.8019012063846,-4.48168300454421,38.1664226741726,30.944127825567
-47.1428667492009,-5.03836524555995,-45.9152588726997,-30.7599321202961,25.21031343886,-5.03836524555995,37.5219930067149,30.7599321202962
-47.4565582411725,-5.59711304374198,-46.2073219720248,-30.5745540245206,24.6147286989046,-5.59711304374198,36.8713641974585,30.5745540245206
-47.7627257269308,-6.15778246840726,-46.4911433621685,-30.3879876854285,24.0152414135785,-6.15778246840726,36.2146442349229,30.3879876854285
-48.0613206651118,-6.72022741275746,-46.7666966973028,-30.2002262093152,23.4119466286717,-6.72022741275746,35.5519422368286,30.2002262093152
-48.3522957149422,-7.28429966815841,-47.0339575359039,-30.011261676804,22.8049399936343,-7.28429966815841,34.8833684283313,30.011261676804
-48.6356047437446,-7.8498490000743,-47.2929033275318,-29.8210851572372,22.1943177464125,-7.8498490000743,34.209034119966,29.8210851572372
-48.9112028342523,-8.41672322557122,-47.5435133989046,-29.6296867222635,21.5801766981902,-8.41672322557122,33.5290516853098,29.6296867222635
-49.1790462917299,-8.98476829229986,-47.7857689392926,-29.4370554586746,20.9626142180397,-8.98476829229986,32.8435345383736,29.4370554586746
-49.4390926509017,-9.55382835886906,-48.0196529852609,-29.2431794805289,20.3417282174852,-9.55382835886906,32.1525971107336,29.2431794805289
-49.6913006826837,-10.1237458765185,-48.2451504047881,-29.0480459406119,19.7176171349784,-10.1237458765185,31.4563548284127,29.0480459406119
-49.9356304007206,-10.6943616720006,-48.462247880788,-28.8516410412795,19.0903799202923,-10.6943616720006,30.7549240885221,28.8516410412796
-50.1720430677255,-11.26551503158,-48.6709338940643,-28.6539500447429,18.4601160188329,-11.26551503158,30.0484222356743,28.653950044743
-50.4005012016212,-11.8370437860576,-48.8711987057243,-28.4549572828354,17.8269253558726,-11.8370437860576,29.3369675381766,28.4549572828354
-50.6209685814831,-12.4087843967297,-49.0630343390824,-28.2546461663276,17.1909083207077,-12.4087843967297,28.620679164018,28.2546461663276
-50.8334102532817,-12.9805720421891,-49.2464345610798,-28.0529991938405,16.5521657507419,-12.9805720421891,27.8996771566581,28.0529991938405
-51.0377925354244,-13.5522407058765,-49.4213948632485,-27.8499979604164,15.9107989154992,-13.5522407058765,27.1740824106293,27.8499979604164
-51.2340830240958,-14.1236232642929,-49.58791244225,-27.645623165805,15.2669095005681,-14.1236232642929,26.4440166469634,27.645623165805
-51.4222505983946,-14.6945515757818,-49.7459861800136,-27.4398546225282,14.6205995914798,-14.6945515757818,25.7096023884524,27.4398546225282
-51.6022654252683,-15.2648565697914,-49.8956166235046,-27.2326712637814,13.9719716575233,-15.2648565697914,24.9709629347542,27.2326712637815
-51.7740989642427,-15.8343683365298,-50.0368059641477,-27.0240511512346,13.3211285354987,-15.8343683365298,24.2282223373543,27.0240511512346
-51.9377239719469,-16.4029162169244,-50.1695580169342,-26.8139714827975,12.6681734134138,-16.4029162169244,23.4815053743926,26.8139714827975
-52.0931145064328,-16.9703288928007,-50.2938781992394,-26.6024086004137,12.0132098141235,-16.9703288928007,22.7309375253665,26.6024086004137
-52.2402459312878,-17.5364344771946,-50.4097735093754,-26.3893379979401,11.356341578917,-17.5364344771946,21.9766449457206,26.3893379979402
-52.379094919541,-18.101060604716,-50.5172525049074,-26.17473432919,10.6976728510543,-18.101060604716,21.2187544413321,26.17473432919
-52.5096394573615,-18.6640345218827,-50.6163252807559,-25.9585714161901,10.0373080592548,-18.6640345218827,20.4573934429025,25.9585714161901
-52.6318588475484,-19.2251831773423,-50.7070034471124,-25.7408222577279,9.37535190114049,-19.2251831773423,19.6926899802657,25.7408222577279
-52.7457337128126,-19.7843333119081,-50.7893001071907,-25.5214590382477,8.71190932663669,-19.7843333119081,18.9247726566208,25.5214590382478
-52.8512459988488,-20.3413115483295,-50.8632298348388,-25.3004531371622,8.04708552133297,-20.3413115483295,18.1537706227009,25.3004531371623
-52.9483789771978,-20.8959444807256,-50.928808652034,-25.0777751386474,7.3809858898061,-20.8959444807256,17.3798135508852,25.0777751386474
-53.0371172478988,-21.4480587636086,-50.9860540062824,-24.8533948419766,6.71371603890911,-21.4480587636086,16.603031609266,24.8533948419767
-53.1174467419313,-21.9974812004289,-51.0349847479464,-24.6272812724664,6.04538176102742,-21.9974812004289,15.823555435676,24.6272812724664
-53.1893547234451,-22.544038831574,-51.0756211075202,-24.3994026930924,5.37608901730627,-22.544038831574,15.0415161116892,24.3994026930924
-53.2528297917799,-23.0875590217561,-51.1079846728719,-24.1697266168364,4.70594392085103,-23.0875590217561,14.2570451365994,24.1697266168364
-53.3078618832727,-23.6278695467275,-51.1320983664753,-23.9382198198287,4.03505271990324,-23.6278695467275,13.4702744013882,23.9382198198287
-53.3544422728533,-24.1647986792613,-51.1479864226458,-23.704848355342,3.36352178099602,-24.1647986792613,12.6813361626886,23.704848355342
-53.392563575428,-24.6981752743432,-51.1556743648019,-23.4695775686997,2.69145757208947,-24.6981752743432,11.8903630167529,23.4695775686997
-53.4222197470496,-25.227828853516,-51.1551889827671,-23.2323721131494,2.01896664569131,-25.227828853516,11.0974878734326,23.2323721131495
-53.4434060858768,-25.7535896883279,-51.1465583101294,-22.9931959667649,1.34615562196305,-25.7535896883279,10.3028439301779,22.993195966765
-53.4561192329185,-26.2752888828317,-51.129811601674,-22.7520124504233,0.673131171816252,-26.2752888828317,9.50656464606407,22.7520124504234
-53.4603571725674,-26.7927584550901,-51.1049793109034,-22.5087842469145,1.30940110585318e-14,-26.7927584550901,8.70878371585088,22.5087842469145
