0.000000000000000000e+00
0.000000000000000000e+00
0.000000000000000000e+00
0.000000000000000000e+00
0.000000000000000000e+00
0.000000000000000000e+00
0.000000000000000000e+00
0.000000000000000000e+00
0.000000000000000000e+00
0.000000000000000000e+00
0.000000000000000000e+00
0.000000000000000000e+00
0.000000000000000000e+00
0.000000000000000000e+00
0.000000000000000000e+00
0.000000000000000000e+00
0.000000000000000000e+00
0.000000000000000000e+00
0.000000000000000000e+00
0.000000000000000000e+00
0.000000000000000000e+00
0.000000000000000000e+00
0.000000000000000000e+00
0.000000000000000000e+00
0.000000000000000000e+00
0.000000000000000000e+00
0.000000000000000000e+00
0.000000000000000000e+00
0.000000000000000000e+00
0.000000000000000000e+00
0.000000000000000000e+00
0.000000000000000000e+00
0.000000000000000000e+00
0.000000000000000000e+00
0.000000000000000000e+00
0.000000000000000000e+00
0.000000000000000000e+00
0.000000000000000000e+00
0.000000000000000000e+00
0.000000000000000000e+00
0.000000000000000000e+00
0.000000000000000000e+00
0.000000000000000000e+00
2.765737548807007506e+00
7.993827287300671713e+00
1.563896726589951136e+01
2.195691029378678394e+01
2.708690252705172341e+01
3.127609926410993069e+01
3.316073590599826559e+01
3.520242560137632637e+01
4.774679707366989589e+01
5.770150550898698327e+01
6.852249504053727946e+01
9.298168043287748219e+01
1.134369717094310204e+02
1.242874852306085245e+02
3.148042313860782997e+02
4.400599050112813302e+02
4.493404289461762460e+02
4.600551729730901798e+02
4.717263720684702548e+02
4.851192551622397104e+02
5.001534476830603353e+02
5.217338910525120355e+02
5.420683917020937770e+02
5.606826625092234053e+02
5.815558899203434748e+02
6.047890537275222869e+02
6.289744076896404295e+02
6.452270073448380572e+02
6.551479623021948555e+02
6.658843890856084045e+02
6.779419342075536861e+02
6.973846478272129161e+02
7.173937948215933602e+02
7.287385413516642529e+02
7.405129155874076332e+02
7.531662552130849235e+02
7.704825802863155104e+02
7.884901028353327774e+02
7.979154882537126241e+02
8.076428401437435696e+02
8.152131071164500327e+02
8.332752062484128146e+02
8.540816476854008670e+02
8.681395662422086161e+02
8.773632818312892141e+02
8.869256708780042118e+02
8.984668906565952966e+02
9.116272614624787138e+02
9.254731584184423809e+02
9.393093610835154550e+02
9.491945332294951641e+02
9.554481608088411804e+02
9.620301458384974467e+02
9.883412012395375541e+02
1.019619160710908773e+03
1.032557283161880605e+03
1.055323540367012356e+03
1.068070832075409271e+03
1.088883210308066964e+03
1.112299388363817570e+03
1.129262508686431829e+03
1.161371843714118313e+03
1.200436589427881927e+03
1.251432950020941917e+03
1.320964551715303514e+03
1.401562389001293923e+03
1.421712865176165678e+03
1.458946512583232789e+03
1.524223588931776476e+03
1.597823806240637396e+03
1.645069645815984586e+03
1.735260680845342449e+03
1.767749129408726731e+03
1.767749129408726731e+03
1.781923467844332436e+03
1.781923467844332436e+03
1.781923467844332436e+03
1.781923467844332436e+03
1.781923467844332436e+03
1.781923467844332436e+03
1.809346401981508961e+03
1.831982153382806473e+03
1.846546909128623838e+03
1.855796661519807458e+03
1.862832027891075313e+03
1.869127337215786838e+03
1.874801670256596481e+03
1.880039516140420801e+03
1.887517097178613085e+03
1.897044437289124744e+03
1.905922186028464466e+03
1.915016465224861349e+03
1.923417743597751041e+03
1.931817246071035242e+03
1.939786004827741181e+03
1.947970135442735682e+03
1.955857635416643689e+03
1.963518410269371088e+03
1.970753586519169403e+03
1.978627160673373510e+03
1.985999049220387406e+03
1.993432631818297523e+03
2.000659726010710074e+03
2.007886820203122397e+03
2.014907425990038064e+03
2.022255135474390045e+03
2.029134307237718531e+03
2.036418136163596500e+03
2.043499636508199501e+03
2.050581136852802501e+03
2.058127827293610608e+03
2.065816486512929714e+03
2.073505145732260644e+03
2.081193804951579295e+03
2.089096038038102051e+03
2.093366653887998837e+03
2.095853606902202955e+03
2.098409641944579562e+03
2.100965676986956169e+03
2.103521712029332321e+03
2.106207719874059421e+03
2.109182437215888967e+03
2.112157154557719423e+03
2.115131871899549424e+03
2.118026191475388714e+03
2.120985602566865055e+03
2.123649808636543185e+03
2.126314014706221315e+03
2.128978220775898990e+03
2.131642426845577120e+03
2.134232627191097436e+03
2.137143309030507226e+03
2.141861445818941775e+03
2.144287916167279946e+03
2.146579582607376778e+03
2.149006052955714949e+03
2.151297719395811782e+03
2.155623190348182561e+03
2.159938520225512093e+03
2.164253850102833894e+03
2.166681806540270827e+03
2.168110412708406784e+03
2.169539018876542741e+03
2.170967625044679153e+03
2.172337920756972835e+03
2.174599780092484252e+03
2.179335698556496027e+03
2.183970852797869156e+03
2.188424823006361748e+03
2.192498902988270856e+03
2.196572982970175872e+03
2.201348009054085651e+03
2.208315447891793156e+03
2.214861490871763181e+03
2.220906586225196406e+03
2.226286329135827145e+03
2.231140453149410860e+03
2.235480182019038693e+03
2.239584075772938377e+03
2.244530242167043070e+03
2.249572641736509013e+03
2.255092612090928924e+03
2.261114397635922160e+03
2.266490992948629355e+03
2.270537729106551524e+03
2.274584465264474147e+03
2.277008644239291243e+03
2.278782659821951711e+03
2.280601025794178440e+03
2.282572370366549421e+03
2.284563479614557764e+03
2.287077269827739656e+03
2.289868893986658350e+03
2.292698499701849414e+03
2.295648853854101162e+03
2.297627631777366332e+03
2.298785835487972690e+03
2.299222549605361110e+03
2.299465183057965987e+03
2.299714037881150489e+03
2.299907904803038491e+03
2.299933360480040392e+03
2.299958179765117166e+03
2.299982999050193484e+03
2.299879250782873441e+03
2.299524785266308299e+03
2.299170319749742703e+03
2.297810381138142475e+03
2.296345012607864646e+03
2.294908836420278476e+03
2.293369558542503910e+03
2.291494292367422531e+03
2.289570942444259344e+03
2.286112479815769802e+03
2.281305769431666249e+03
2.272991275615203904e+03
2.271265239848872625e+03
2.269539204082542255e+03
2.267813168316211431e+03
2.266087132549880607e+03
2.264361096783549783e+03
2.262635061017218959e+03
2.260909025250888135e+03
2.259182989484554582e+03
2.253633601867827565e+03
2.246386085627972534e+03
2.241392200987201704e+03
2.239093947078702513e+03
2.236795693170202867e+03
2.234441384288325025e+03
2.230698207251435178e+03
2.225412535766047313e+03
2.220252713601740652e+03
2.214841192795272036e+03
2.207843737741834047e+03
2.200361977773532544e+03
2.192702080663128982e+03
2.189567472449929028e+03
2.186445745860521129e+03
2.183251420978336682e+03
2.180291168204999849e+03
2.177673953211074604e+03
2.175056738217148904e+03
2.172380041064270699e+03
2.169703343911389311e+03
2.167026646758511106e+03
2.164290467446679941e+03
2.160172195587426359e+03
2.155777472109194605e+03
2.151382748630962851e+03
2.146894520397875112e+03
2.138670274044182406e+03
2.131164035822699589e+03
2.125874002486741119e+03
2.120476009286776844e+03
2.115078016086818479e+03
2.109697988491994238e+03
2.104336743850053608e+03
2.098870376764154116e+03
2.092252319657422504e+03
2.082879801611807579e+03
2.074972774687734272e+03
2.067304884924217731e+03
2.059137827773417939e+03
2.050620963538236992e+03
2.041727710701889919e+03
2.023249100982539630e+03
2.008703492900376204e+03
1.998466340574970900e+03
1.987741752021803904e+03
1.976269569714854924e+03
1.964443121213868380e+03
1.951922948059281225e+03
1.938743837753238950e+03
1.924848323874260132e+03
1.910158702547033499e+03
1.895068598649793103e+03
1.880096277036584979e+03
1.868527682005970519e+03
1.856995655332075330e+03
1.846577009195738356e+03
1.834985278622905298e+03
1.821678291101509558e+03
1.797244913648759848e+03
1.747666320702956455e+03
1.719827384557516780e+03
1.677059500821890651e+03
1.617047682191114745e+03
1.071461179928647198e+03
1.003188052275176233e+03
9.510605315337670618e+02
9.073581829707153474e+02
8.567788682251937189e+02
7.894987808143461052e+02
7.290678764046590459e+02
6.856738277925861667e+02
6.605186366541537382e+02
6.223322787458804441e+02
5.938970602907126022e+02
5.732845305805299176e+02
5.590080049206117110e+02
5.512458436497993262e+02
5.467329572861464158e+02
5.424349702731436764e+02
5.384213201984455281e+02
5.345636875523515528e+02
5.308603602121012273e+02
5.273450422933340178e+02
5.240445359177576847e+02
5.208425521205566611e+02
5.177390909017311742e+02
5.148859809354199797e+02
5.122228250550017492e+02
5.096515021359745674e+02
5.071260956976469743e+02
5.046925222207129877e+02
5.025687425472961536e+02
5.005736260293001578e+02
4.986192261749366139e+02
4.967055429842056355e+02
4.949140097843724106e+02
4.931224765845393563e+02
4.914123767119713193e+02
4.908436283713194257e+02
4.904537024532849045e+02
4.900735246832012422e+02
4.897030950610684954e+02
4.893424135868865505e+02
4.889817321127046625e+02
4.886405469344244352e+02
4.883091099040951804e+02
4.879776728737658118e+02
4.876657321393381608e+02
4.873537914049105666e+02
4.870418506704829724e+02
4.867396580840057254e+02
4.864472136454798488e+02
4.861547692069539153e+02
4.858720729163788974e+02
4.855893766258038795e+02
4.853066803352289753e+02
4.850434803405556750e+02
4.847705321979315158e+02
4.845073322032581586e+02
4.842441322085849151e+02
4.839809322139116148e+02
4.837274803671891732e+02
4.834740285204667884e+02
4.832205766737442900e+02
4.829671248270213937e+02
4.827234211282497540e+02
4.824699692815273693e+02
4.823529915061170641e+02
4.822262655827558433e+02
4.815828878179989374e+02
4.809492582011928334e+02
4.803156285843867295e+02
4.796819989675806823e+02
4.790581174987254940e+02
4.784342360298703056e+02
4.778103545610145488e+02
4.630934878757126967e+02
4.624204177062185863e+02
4.617578642581227655e+02
4.611058275314252910e+02
4.604432740833295270e+02
4.597807206352331377e+02
4.591286839085356632e+02
4.584661304604398993e+02
4.578140937337424248e+02
4.571620570070450071e+02
4.564995035589491863e+02
4.558474668322518255e+02
4.551849133841560047e+02
4.545328766574579618e+02
4.538703232093621409e+02
4.532077697612663769e+02
4.523320960933928063e+02
4.507148326475032150e+02
4.491228389429557524e+02
4.475308452384082329e+02
4.459135817925172205e+02
4.442710486052857277e+02
4.426537851593961932e+02
4.410707760630213556e+02
4.395993011805005608e+02
4.381051882228639442e+02
4.365884371901117902e+02
4.350716861573582150e+02
4.335138778952114649e+02
4.316545414769132094e+02
4.297952050586150108e+02
4.279358686403168122e+02
4.260226384127925030e+02
4.218710685003580920e+02
4.173157043771687427e+02
4.126979380057166509e+02
4.078796566831649102e+02
4.025114162534353000e+02
3.969312715962161633e+02
3.913699505403688477e+02
3.873297270144888671e+02
3.831398655802427697e+02
3.792156665009751464e+02
3.763603202413216309e+02
3.734087263549363911e+02
3.687360443469951861e+02
3.634894513446810151e+02
3.577752171141423787e+02
3.516216762551601391e+02
3.465701721443319343e+02
3.415558203467342651e+02
3.358086433261340744e+02
3.262578330103261237e+02
3.134950770054899749e+02
2.974846237547003511e+02
2.830191059800789048e+02
2.557402948776697542e+02
2.490906638336690833e+02
2.490906638336690833e+02
2.456962724845825505e+02
2.456962724845825505e+02
2.456962724845825505e+02
2.456962724845825505e+02
2.456962724845825505e+02
2.456962724845825505e+02
2.357405719114625811e+02
2.238214352640652294e+02
2.117365081974316467e+02
2.017115118807925853e+02
1.949221745827228176e+02
1.897610480707922420e+02
1.850526519546450572e+02
1.807064401551196227e+02
1.786597321092088180e+02
1.775077835848723282e+02
1.764343770053769447e+02
1.753347897776012303e+02
1.743137444946665653e+02
1.724393456931807123e+02
1.699052096643173968e+02
1.673025834725119694e+02
1.647684474436490518e+02
1.623028015777279052e+02
1.599741360376913804e+02
1.574243364306639705e+02
1.549913990335034555e+02
1.524889491392853529e+02
1.500560117421283053e+02
1.476230743449717124e+02
1.452596494448770272e+02
1.427571995506584983e+02
1.415978416096265846e+02
1.406935736646799739e+02
1.398144242737596130e+02
1.389352748828392237e+02
1.380310069378926130e+02
1.371267389929458602e+02
1.362224710479992211e+02
1.352073224903598714e+02
1.341505284910151374e+02
1.331222964916527758e+02
1.320940644922902720e+02
1.310372704929457370e+02
1.299804764936009747e+02
1.289236824942562407e+02
1.280312032589529849e+02
1.271515188349221006e+02
1.262718344108913584e+02
1.253921499868604883e+02
1.245362408175319047e+02
1.236565563935010061e+02
1.228006472241737725e+02
1.219648265639702629e+02
1.212517341086707745e+02
1.205386416533712861e+02
1.198453573218299510e+02
1.191520729902887439e+02
1.184587886587475367e+02
1.181022424310978067e+02
1.177655043272063438e+02
1.174089580995565854e+02
1.170722199956651224e+02
1.163987437878821964e+02
1.157895250761773411e+02
1.152676644449528141e+02
1.147458038137282870e+02
1.139937105510812216e+02
1.132416172884341279e+02
1.124895240257870626e+02
1.117681284473296159e+02
1.110467328688722546e+02
1.100553521495815801e+02
1.088867969499605550e+02
1.077182417503380805e+02
1.065750899246218069e+02
1.055323263882494587e+02
1.046605095148743771e+02
1.038080663497964906e+02
1.029556231847187462e+02
1.021225537279380262e+02
1.013666222157109331e+02
1.007153884471956644e+02
1.000486491127633997e+02
9.939741534424726410e+01
9.873067600981499936e+01
9.807944224129974486e+01
9.761582893393561733e+01
9.715171933845695662e+01
9.669865997144202652e+01
9.624560060442712484e+01
9.579254123741220894e+01
9.533948187039729305e+01
9.490411652110928742e+01
9.459880956048958467e+01
9.430094911110411715e+01
9.400308866171903333e+01
9.370522821233399213e+01
9.340736776294890831e+01
9.310950731356388133e+01
9.281164686417876908e+01
9.251378641479375631e+01
9.222337247664327720e+01
9.209926818800981607e+01
9.200438430741178308e+01
9.190706750679838422e+01
9.181218362620018070e+01
9.171486682558679604e+01
9.161998294498876305e+01
9.152509906439071585e+01
9.142778226377731698e+01
9.133289838317926979e+01
9.123801450258122259e+01
9.114069770196782372e+01
9.104581382136977652e+01
9.095092994077174353e+01
9.085361314015833045e+01
9.075872925956028325e+01
9.066141245894678491e+01
9.056652857834873771e+01
9.046921177773533884e+01
9.037432789713727743e+01
9.027701109652389277e+01
9.017969429591052233e+01
9.008237749529712346e+01
8.998547177944590203e+01
8.988895223412883695e+01
8.979243268881178608e+01
8.969591314349469258e+01
8.959939359817749960e+01
8.950046106422750825e+01
8.940394151891044316e+01
8.930500898496045181e+01
8.920607645101046046e+01
8.910714391706045490e+01
8.900579839447753727e+01
8.890686586052753171e+01
8.880552033794461408e+01
8.870658780399463694e+01
8.860282929277863673e+01
8.850148377019571910e+01
8.840013824761280148e+01
8.829637973639694337e+01
8.819262122518109948e+01
8.808886271396526979e+01
8.789063533984104026e+01
8.768624190021492382e+01
8.748184846058882158e+01
8.727745502096269092e+01
8.706841627589051313e+01
8.685937753081807955e+01
8.665033878574591597e+01
8.643877715189744038e+01
8.623055009729348797e+01
8.601779636758942615e+01
8.580504263788540698e+01
8.558776223308124997e+01
8.537048182827712139e+01
8.515604885459981688e+01
8.493748501824489949e+01
8.471446069543348756e+01
8.449143637262233142e+01
8.423752768766269128e+01
8.395410867152483547e+01
8.366513241977642679e+01
8.337059893241747943e+01
8.314210638804102871e+01
8.292772059032888876e+01
8.271333479261676302e+01
8.250350858784993591e+01
8.229716716239471452e+01
8.208720571193154569e+01
8.191777738169906797e+01
8.176020861321674715e+01
8.161840274173060550e+01
8.152997994305769680e+01
8.143875007141110700e+01
8.134752019976451720e+01
8.125207971865732759e+01
8.114484252671655895e+01
8.103552960545519568e+01
8.092159782836588988e+01
8.077272778444645951e+01
8.057314796965546577e+01
8.036857865949468760e+01
8.014661397591153502e+01
7.990773155053199162e+01
7.964903435071657611e+01
7.931948854052090780e+01
7.895558578767898439e+01
7.844239057041255592e+01
7.798239815470356007e+01
7.760599206134369865e+01
7.699066060092954444e+01
6.410325890084875766e+01
6.024020014883380014e+01
5.614722969264107633e+01
4.993491886937606239e+01
4.478708918436824149e+01
4.196810430241616530e+01
3.917946299942041577e+01
3.657784970010862935e+01
3.411622522673102509e+01
3.160310345764370155e+01
2.931936215853968974e+01
2.395289801948915809e+01
1.565215541090370976e+01
1.210203791220166814e+01
8.507853838700226490e+00
