0,0
1.218749877,0
2.4375,0
3.656250123,0
4.875,0
6.093749877,0
7.3125,0
8.531250123,0
9.75,0
10.96875012,0
12.1875,0
13.40624988,0
14.625,0
15.84375012,0
17.0625,0
18.28125012,0
19.5,0
20.71875062,0
21.93750123,0
23.15624938,0
24.375,0
25.59375062,0
26.81250123,0
28.03124938,0
29.25,0
30.46875062,0
31.68750123,0
32.90624938,0
34.125,0
35.34375062,0
35.95312469,0
36.56250123,0
37.17187531,0
37.78124938,0
38.39062346,0
39,0
38.48784645,91.79297754
37.97569291,183.5859551
37.46353936,275.3789326
36.95138582,367.1719102
36.43984784,459.9414087
35.92830987,552.7109073
35.41677189,645.4804059
34.90523392,738.2499045
33.88092683,927.6949858
32.85661974,1119.093109
31.83477492,1312.444275
30.81293011,1511.654566
29.7910853,1712.8179
28.76924048,1919.84036
27.74985795,2132.721946
26.72801313,2349.509617
25.71109287,2574.109455
24.69171034,2804.56842
23.67479008,3040.886511
23.16756108,3163.928162
22.66033209,3286.969813
22.1531031,3411.964506
21.64587411,3540.865283
21.13864512,3671.719102
20.63141612,3802.572921
20.12664941,3937.332824
19.61942042,4075.998811
19.1146537,4214.664799
18.60988699,4357.23687
18.10512027,4501.761984
17.60035356,4648.240139
17.09558684,4798.624379
16.5932824,4950.961661
16.08851569,5107.205027
15.58621125,5265.401435
15.08390681,5427.503927
14.58652693,5591.559462
14.08914704,5757.568038
13.59422943,5925.529657
13.10423638,6095.444317
12.6167056,6267.31202
12.13409937,6443.085806
11.6564177,6618.859593
11.18612286,6796.586422
10.72075257,6976.266293
10.26276911,7155.946164
9.812172486,7337.579077
9.368962687,7519.21199
8.935601995,7702.797945
8.509628133,7888.336942
8.300334617,7980.12992
8.093503378,8073.875939
7.889134415,8165.668917
7.392985668,8398.080924
6.909148305,8630.492931
6.722015279,8724.23895
6.537344529,8816.031928
6.355136057,8909.777948
5.920544226,9143.166476
5.498263779,9374.601962
5.338215796,9468.347981
5.178167814,9560.140959
5.025506661,9651.933936
4.593377107,9929.265911
4.17848349,10206.59789
4.045520551,10300.34391
3.789443778,10491.74203
3.663867668,10589.39413
3.538291559,10688.99928
3.415177726,10790.55747
3.289601616,10896.02174
3.164025507,11003.43905
3.038449397,11114.76245
2.910411011,11228.03889
2.782372625,11345.22142
2.651871962,11468.26307
2.518909022,11593.25776
2.383483806,11724.11158
2.243134036,11858.87148
2.10032199,11999.49051
1.955047667,12144.01562
1.802386514,12296.35291
1.627564872,12473.10321
1.472441442,12649.85352
1.250836543,12911.56116
1.124029295,13074.64017
1.007071153,13233.8131
0.865490246,13442.7886
0.67835722,13753.32229
0.568785908,13962.2978
0.519540375,14065.80903
0.451827767,14226.935
0.389039712,14390.01401
0.352105562,14501.33741
0.297935476,14672.22859
0.233916283,14909.5232
0.189595303,15093.10916
0.139118631,15355.79332
0.091104236,15628.24269
0.068943746,15772.7678
0.046783257,15921.199
0.024622767,16075.48932
0.001231138,16305.94829
0,16460.23861
0,16569.60897
0,16682.88541
0,16989.51301
0,17313.718
0,17450.43094
0,17736.55161
0,18032.43748
0,18263.87297
0,18499.21454
0,18661.31703
0,18823.41952
0,19153.48363
0,19491.35991
0,19835.09532
0,20180.78376
0,20531.35482
0.000615569,20917.32476
0.017235937,21047.93445
0.049245533,21208.0839
0.091104236,21364.32726
0.137887493,21514.7115
0.192057579,21661.18966
0.219142623,21733.45221
0.279468401,21868.21212
0.344718732,21997.11289
0.409969064,22115.27194
0.477681672,22225.61882
0.544163142,22320.34136
0.610644611,22405.29869
0.723909338,22514.18078
0.934433992,22653.82329
1.132647263,22756.84626
1.255761096,22807.62536
1.383799482,22852.54532
1.642338531,22919.92527
1.903339857,22969.72785
2.105246543,22990.23479
2.307153229,22999.02348
2.51275333,23000
2.718353431,22991.21131
2.994128417,22967.77481
3.269903403,22936.52613
3.545678389,22895.51225
3.818991098,22846.6862
4.08984153,22792.00102
4.360691963,22731.45671
4.896237136,22585.95508
5.426857756,22424.82911
5.687859082,22333.03613
6.206168319,22136.7554
6.719553002,21926.80338
6.973167498,21813.52694
7.348664688,21639.70619
7.719237326,21458.07328
7.963002715,21335.03163
8.32741966,21143.63351
8.686912053,20948.3293
8.920828335,20815.52244
9.157206894,20682.71558
9.3886609,20547.95567
9.61765263,20413.19577
10.06824926,20141.72292
10.28985416,20005.00998
10.51145906,19870.25007
10.7281394,19735.49017
10.94235747,19600.73027
11.15411326,19469.87645
11.36340678,19339.02263
11.57023802,19208.16881
11.77460698,19081.22108
11.97651367,18958.17943
12.17595808,18835.13777
12.37047793,18716.00221
12.56499779,18600.77273
12.75459309,18487.49628
12.94172612,18378.12593
13.12639687,18270.70861
13.31106762,18167.19738
13.67302229,17964.08101
14.39446935,17567.61347
14.75888629,17366.45013
15.12576552,17163.33376
15.49510701,16958.26434
15.86937307,16749.28884
16.2461014,16538.36029
16.62775428,16325.47871
17.00940716,16110.64408
17.39598459,15891.90337
17.78748658,15671.20961
18.17898857,15448.56282
18.57541511,15225.91602
18.97184166,14999.36314
19.37319275,14770.85722
19.77700612,14542.35129
20.1808195,14309.93929
20.58955742,14077.52728
21.00075762,13845.11527
21.41195783,13608.79718
22.24420734,13136.161
23.0813814,12659.61873
23.92840457,12181.12342
24.78035229,11698.72203
25.63722457,11216.32064
26.4990214,10733.91925
27.36574279,10253.4709
28.23492645,9773.022545
29.10903466,9294.527236
29.98314288,8819.938012
30.85971337,8349.254872
31.73628386,7884.430858
32.61285435,7423.512928
33.48696256,6970.407167
33.92524781,6745.807328
34.36107077,6525.113574
35.23517899,6085.679107
35.67100196,5866.938394
36.10682493,5644.291598
36.32350527,5529.062115
36.54264789,5411.879591
36.76179052,5292.744024
36.98339542,5169.702373
37.20253804,5042.754638
37.42414294,4911.900819
37.64574784,4777.140916
37.86981501,4636.521887
38.03232527,4527.151531
38.19237326,4415.828132
38.29578888,4337.706449
38.39427994,4257.631724
38.572795,4090.646627
38.73161184,3915.849361
38.81286697,3799.643358
38.85718795,3728.357322
38.90828019,3616.057402
38.94829219,3500.82792
38.9679904,3421.729716
38.97907065,3339.701949
38.9839952,3203.965525
38.97045268,3068.2291
38.93721195,2937.375281
38.84364543,2741.094553
38.71560705,2555.555556
38.59372435,2425.678258
38.3992045,2267.481849
37.93383421,1985.26727
37.55218132,1794.845667
37.41675611,1738.207447
37.00186249,1584.893644
36.51679399,1422.791152
36.30626934,1361.270326
36.0255698,1287.054728
35.74240798,1220.651297
35.46170844,1160.106993
35.1810089,1107.374857
34.90030936,1058.548805
34.61960982,1017.534921
34.34137256,980.4271218
34.06559758,949.1784486
33.79228487,921.8358596
33.52143443,900.3523967
33.25550855,880.821976
32.99204495,865.1976394
32.73104363,853.4793869
32.47742913,843.7141765
32.10685649,832.9724451
31.74613296,826.1367979
31.2943052,820.2776716
30.86463792,816.3715875
30.47067365,812.4655033
30.09148305,808.5594192
29.72460383,802.700293
29.36018688,796.8411667
28.88619862,790.0055195
28.39743671,781.2168301
28.08842099,776.3342249
27.66614054,769.4985777
27.33865774,763.6394514
27.11705284,759.7333673
26.6627628,751.921199
26.19862365,744.1090307
25.7184797,735.3203414
25.23094892,726.531652
24.85668287,719.6960048
24.47749227,712.8603575
23.96287644,703.0951471
23.43841152,693.3299367
22.90655976,681.6116843
22.36485889,671.8464739
21.81823347,660.1282215
21.26422123,648.409969
20.70282215,636.6917166
20.13896079,624.9734641
19.56771261,613.2552117
18.99400215,601.5369592
18.41536713,587.8656647
17.83426984,574.1943701
16.6671507,546.8517811
15.49510701,517.55615
14.3255256,488.2605188
13.16086874,457.0118456
12.58223373,439.4344669
12.00852327,423.8101303
11.43727508,406.2327517
10.86848917,388.655373
10.30462782,371.0779943
9.743228739,353.5006156
9.186754214,335.923237
8.630279689,316.3928162
8.078729718,298.8154375
7.527179746,279.2850168
6.436391186,240.2241753
5.35052718,201.1633338
4.272050003,162.1024923
3.200959657,123.0416507
2.132331587,82.02776716
0,0
