0,-51.217
0.00024024,-51.333
0.00048048,-51.547
0.00072072,-51.507
0.00096096,-51.44
0.0012012,-51.399
0.0014414,-51.334
0.0016817,-51.016
0.0019219,-50.85
0.0021622,-50.696
0.0024024,-50.448
0.0026426,-50.165
0.0028829,-49.921
0.0031231,-49.634
0.0033634,-49.15
0.0036036,-48.573
0.0038438,-48.052
0.0040841,-47.509
0.0043243,-46.909
0.0045646,-46.235
0.0048048,-45.43
0.005045,-44.536
0.0052853,-43.562
0.0055255,-42.62
0.0057658,-41.897
0.006006,-41.256
0.0062462,-40.494
0.0064865,-39.369
0.0067267,-38.157
0.006967,-37.236
0.0072072,-36.401
0.0074474,-35.395
0.0076877,-33.809
0.0079279,-32.202
0.0081682,-31.211
0.0084084,-30.438
0.0086486,-29.695
0.0088889,-28.794
0.0091291,-27.477
0.0093694,-25.943
0.0096096,-24.742
0.0098498,-24.107
0.01009,-22.206
0.01033,-21.353
0.010571,-18.8
0.010811,-18.096
0.011051,-17.51
0.011291,-15.829
0.011532,-14.678
0.011772,-13.746
0.012012,-12.635
0.012252,-10.922
0.012492,-10.135
0.012733,-9.4256
0.012973,-7.9341
0.013213,-7.287
0.013453,-6.0157
0.013694,-5.3655
0.013934,-4.5317
0.014174,-3.2779
0.014414,-1.3709
0.014655,-0.0062174
0.014895,0
0.015135,2.6652
0.015375,3.575
0.015616,4.2188
0.015856,4.8144
0.016096,5.4838
0.016336,6.5489
0.016577,7.1208
0.016817,7.6221
0.017057,8.4587
0.017297,9.3107
0.017538,10.165
0.017778,10.958
0.018018,11.668
0.018258,12.244
0.018498,12.744
0.018739,13.186
0.018979,13.599
0.019219,14.002
0.019459,14.442
0.0197,15.079
0.01994,15.514
0.02018,15.939
0.02042,16.359
0.020661,16.994
0.020901,17.424
0.021141,18.05
0.021381,18.633
0.021622,19.184
0.021862,19.755
0.022102,20.407
0.022342,21.038
0.022583,21.496
0.022823,21.881
0.023063,22.316
0.023303,22.922
0.023544,23.585
0.023784,24.136
0.024024,24.655
0.024264,25.176
0.024505,25.714
0.024745,26.343
0.024985,26.99
0.025225,27.541
0.025465,28.06
0.025706,28.592
0.025946,29.124
0.026186,29.669
0.026426,30.194
0.026667,30.591
0.026907,31.03
0.027147,32.076
0.027387,32.589
0.027628,32.963
0.027868,33.483
0.028108,34.024
0.028348,34.469
0.028589,34.882
0.028829,35.272
0.029069,35.715
0.029309,36.554
0.02955,37.055
0.02979,37.437
0.03003,37.826
0.03027,38.269
0.030511,39.106
0.030751,39.609
0.030991,39.991
0.031231,40.394
0.031471,40.83
0.031712,41.461
0.031952,41.932
0.032192,42.331
0.032432,42.728
0.032673,43.166
0.032913,43.903
0.033153,44.346
0.033393,44.68
0.033634,45.021
0.033874,45.406
0.034114,46.141
0.034354,46.511
0.034595,46.801
0.034835,47.42
0.035075,47.819
0.035315,48.173
0.035556,48.9
0.035796,49.348
0.036036,49.682
0.036276,50.023
0.036517,50.406
0.036757,51.134
0.036997,51.56
0.037237,51.902
0.037477,52.531
0.037718,52.903
0.037958,53.194
0.038198,53.61
0.038438,54.105
0.038679,54.61
0.038919,55.09
0.039159,55.569
0.039399,56.047
0.03964,56.526
0.03988,57.005
0.04012,57.484
0.04036,57.979
0.040601,58.485
0.040841,58.935
0.041081,59.258
0.041321,59.569
0.041562,60.182
0.041802,60.591
0.042042,60.941
0.042282,61.667
0.042523,62.051
0.042763,62.337
0.043003,62.953
0.043243,63.321
0.043483,63.613
0.043724,64.229
0.043964,64.599
0.044204,64.89
0.044444,65.505
0.044685,65.876
0.044925,66.167
0.045165,66.781
0.045405,67.153
0.045646,67.444
0.045886,68.033
0.046126,68.702
0.046366,69.069
0.046607,69.359
0.046847,69.985
0.047087,70.261
0.047327,70.444
0.047568,71.032
0.047808,71.41
0.048048,71.7
0.048288,72.302
0.048529,72.771
0.048769,73.106
0.049009,73.413
0.049249,73.83
0.049489,74.171
0.04973,74.477
0.04997,74.875
0.05021,75.517
0.05045,75.805
0.050691,75.986
0.050931,76.373
0.051171,76.792
0.051411,77.431
0.051652,77.721
0.051892,77.901
0.052132,78.288
0.052372,78.718
0.052613,79.161
0.052853,79.427
0.053093,79.618
0.053333,79.819
0.053574,80.209
0.053814,80.577
0.054054,80.881
0.054294,81.118
0.054535,81.319
0.054775,81.522
0.055015,81.961
0.055255,82.006
0.055495,82.161
0.055736,82.412
0.055976,82.432
0.056216,82.76
0.056456,83.024
0.056697,83.221
0.056937,83.433
0.057177,83.765
0.057417,84.228
0.057658,84.781
0.057898,85.453
0.058138,86.213
0.058378,87.095
0.058619,88.145
0.058859,89.363
0.059099,90.658
0.059339,92.07
0.05958,93.698
0.05982,95.449
0.06006,96.915
0.0603,98.196
0.060541,99.666
0.060781,101.81
0.061021,104.51
0.061261,107.38
0.061502,109.21
0.061742,110.66
0.061982,113.64
0.062222,117.42
0.062462,119.69
0.062703,121.4
0.062943,125.29
0.063183,128.04
0.063423,130.03
0.063664,134.33
0.063904,137.59
0.064144,139.91
0.064384,142.32
0.064625,144.96
0.064865,150.23
0.065105,154.21
0.065345,157.02
0.065586,160.13
0.065826,163.34
0.066066,166.58
0.066306,169.88
0.066547,173.39
0.066787,177.05
0.067027,180.72
0.067267,184.45
0.067508,188.38
0.067748,192.46
0.067988,196.69
0.068228,200.89
0.068468,204.13
0.068709,206.74
0.068949,209.64
0.069189,213.94
0.069429,218.66
0.06967,223.72
0.06991,226.78
0.07015,228.94
0.07039,233.34
0.070631,238.53
0.070871,244.03
0.071111,247.45
0.071351,249.9
0.071592,254.68
0.071832,260.72
0.072072,264.43
0.072312,267.06
0.072553,272.2
0.072793,278.42
0.073033,285.04
0.073273,289.08
0.073514,291.88
0.073754,297.19
0.073994,310.47
0.074234,314.72
0.074474,316.01
0.074715,316.7
0.074955,317.1
0.075195,317.54
0.075435,318.31
0.075676,319.72
0.075916,324.83
0.076156,332.18
0.076396,339.22
0.076637,346.07
0.076877,353.04
0.077117,360.22
0.077357,364.67
0.077598,367.76
0.077838,373.6
0.078078,380.56
0.078318,387.51
0.078559,391.84
0.078799,394.83
0.079039,400.47
0.079279,407.22
0.07952,413.94
0.07976,420.52
0.08,425.51
0.08024,429.45
0.08048,433.54
0.080721,438.95
0.080961,445.38
0.081201,451.62
0.081441,457.8
0.081682,463.85
0.081922,469.78
0.082162,475.68
0.082402,481.53
0.082643,486.94
0.082883,492.36
0.083123,502.3
0.083363,510.08
0.083604,514.99
0.083844,519.89
0.084084,524.89
0.084324,534.05
0.084565,540.98
0.084805,545.32
0.085045,553.38
0.085285,563.64
0.085526,569.88
0.085766,573.85
0.086006,580.89
0.086246,590.72
0.086486,597.73
0.086727,603.06
0.086967,608.54
0.087207,615.77
0.087447,624.43
0.087688,632.69
0.087928,640.76
0.088168,648.72
0.088408,656.58
0.088649,664.55
0.088889,672.4
0.089129,678.23
0.089369,682.35
0.08961,687.54
0.08985,699.96
0.09009,711.2
0.09033,718.12
0.090571,725.45
0.090811,732.89
0.091051,740.34
0.091291,747.79
0.091532,755.2
0.091772,762.59
0.092012,769.99
0.092252,777.03
0.092492,789.41
0.092733,799.38
0.092973,806.4
0.093213,813.57
0.093453,820.34
0.093694,832.42
0.093934,842.27
0.094174,849.12
0.094414,856.03
0.094655,864.95
0.094895,876.18
0.095135,884.17
0.095375,890.42
0.095616,902.23
0.095856,912.07
0.096096,917.98
0.096336,929
0.096577,943.63
0.096817,952.95
0.097057,958.71
0.097297,970.09
0.097538,979.73
0.097778,985.45
0.098018,996.13
0.098258,1010.3
0.098498,1019.5
0.098739,1025.2
0.098979,1035.6
0.099219,1049.6
0.099459,1058.6
0.0997,1064.2
0.09994,1074.5
0.10018,1088.4
0.10042,1097.4
0.10066,1103
0.1009,1113.1
0.10114,1126.1
0.10138,1139.4
0.10162,1148.4
0.10186,1153.9
0.1021,1163.9
0.10234,1176.8
0.10258,1189.4
0.10282,1202.1
0.10306,1215.2
0.1033,1224.1
0.10354,1229.5
0.10378,1239.3
0.10402,1252.2
0.10426,1264.7
0.1045,1277.2
0.10474,1289.7
0.10498,1302.7
0.10523,1311.6
0.10547,1317
0.10571,1326.8
0.10595,1339.8
0.10619,1352.3
0.10643,1364.9
0.10667,1377.4
0.10691,1390
0.10715,1402.5
0.10739,1415.2
0.10763,1427.8
0.10787,1440.5
0.10811,1453.3
0.10835,1466.1
0.10859,1478.8
0.10883,1491.7
0.10907,1504.5
0.10931,1517.5
0.10955,1530.4
0.10979,1543.5
0.11003,1556.6
0.11027,1569.7
0.11051,1582.9
0.11075,1595.6
0.11099,1608.2
0.11123,1630.5
0.11147,1650.5
0.11171,1663.7
0.11195,1677.4
0.11219,1691.1
0.11243,1704.5
0.11267,1717.7
0.11291,1741.6
0.11315,1763.6
0.11339,1778.1
0.11363,1793.6
0.11387,1809.7
0.11411,1826.2
0.11435,1842.9
0.11459,1860.1
0.11483,1877.6
0.11508,1895.1
0.11532,1912.8
0.11556,1931.3
0.1158,1944.4
0.11604,1952.1
0.11628,1965.6
0.11652,1984.2
0.11676,2002.5
0.117,2015.4
0.11724,2022.9
0.11748,2036.7
0.11772,2050
0.11796,2057.2
0.1182,2069.6
0.11844,2087.1
0.11868,2099.3
0.11892,2106.5
0.11916,2113.6
0.1194,2120.6
0.11964,2132.5
0.11988,2143.9
0.12012,2150.3
0.12036,2156.6
0.1206,2162.7
0.12084,2172.9
0.12108,2182.2
0.12132,2187.8
0.12156,2193.5
0.1218,2198.8
0.12204,2203.9
0.12228,2208.9
0.12252,2213.6
0.12276,2218
0.123,2222.2
0.12324,2226.2
0.12348,2229.8
0.12372,2233.2
0.12396,2236.4
0.1242,2238.6
0.12444,2239.8
0.12468,2241.6
0.12492,2244
0.12517,2246
0.12541,2247.1
0.12565,2247.6
0.12589,2248.2
0.12613,2248.5
0.12637,2248.4
0.12661,2248.1
0.12685,2247.2
0.12709,2245.8
0.12733,2244.7
0.12757,2242.7
0.12781,2240.1
0.12805,2238
0.12829,2235.8
0.12853,2231.9
0.12877,2227.1
0.12901,2223.8
0.12925,2220.1
0.12949,2216.1
0.12973,2211.6
0.12997,2206.9
0.13021,2201.1
0.13045,2195.7
0.13069,2188.9
0.13093,2180.5
0.13117,2171.6
0.13141,2160.6
0.13165,2153.5
0.13189,2145.6
0.13213,2137.7
0.13237,2125.1
0.13261,2110.6
0.13285,2101.8
0.13309,2091.9
0.13333,2084.2
0.13357,2080
0.13381,2073.1
0.13405,2062.4
0.13429,2054.5
0.13453,2050.7
0.13477,2048.9
0.13502,2048.2
0.13526,2047.3
0.1355,2045.2
0.13574,2038.7
0.13598,2023.3
0.13622,1993.3
0.13646,1972.3
0.1367,1961.1
0.13694,1942.8
0.13718,1917
0.13742,1881.1
0.13766,1841.4
0.1379,1819.2
0.13814,1797.2
0.13838,1766
0.13862,1732.1
0.13886,1704.7
0.1391,1674.2
0.13934,1654.3
0.13958,1629.3
0.13982,1603.7
0.14006,1579.7
0.1403,1560.3
0.14054,1540.8
0.14078,1525.6
0.14102,1510.8
0.14126,1496.5
0.1415,1482.6
0.14174,1469.6
0.14198,1451.5
0.14222,1430.9
0.14246,1419.5
0.1427,1408
0.14294,1397.5
0.14318,1380.7
0.14342,1361.4
0.14366,1350.7
0.1439,1340.2
0.14414,1330
0.14438,1313
0.14462,1293.4
0.14486,1282
0.14511,1269.7
0.14535,1257.1
0.14559,1244.2
0.14583,1226.7
0.14607,1208.3
0.14631,1198.3
0.14655,1188.3
0.14679,1174.8
0.14703,1158.9
0.14727,1147.3
0.14751,1128.7
0.14775,1115.9
0.14799,1103.4
0.14823,1082.2
0.14847,1068.5
0.14871,1055
0.14895,1042
0.14919,1029.4
0.14943,1017.2
0.14967,1005.4
0.14991,993.76
0.15015,982.18
0.15039,970.54
0.15063,958.83
0.15087,947.13
0.15111,935.43
0.15135,923.73
0.15159,911.95
0.15183,900.1
0.15207,888.34
0.15231,876.41
0.15255,864.49
0.15279,852.57
0.15303,840.66
0.15327,828.74
0.15351,816.83
0.15375,804.91
0.15399,792.99
0.15423,781.08
0.15447,769.16
0.15471,757.27
0.15495,745.46
0.1552,733.66
0.15544,721.85
0.15568,709.78
0.15592,700.01
0.15616,694.92
0.1564,687.24
0.15664,675.12
0.15688,663.56
0.15712,652.07
0.15736,640.61
0.1576,629.23
0.15784,617.88
0.15808,606.34
0.15832,596.88
0.15856,592.07
0.1588,584.85
0.15904,573.34
0.15928,562.5
0.15952,551.68
0.15976,540.93
0.16,530.04
0.16024,521.24
0.16048,516.69
0.16072,509.96
0.16096,499.17
0.1612,488.94
0.16144,478.95
0.16168,468.83
0.16192,460.61
0.16216,456.38
0.1624,450.17
0.16264,440.16
0.16288,430.67
0.16312,421.23
0.16336,413.37
0.1636,409.42
0.16384,403.62
0.16408,394.25
0.16432,385.36
0.16456,377.91
0.1648,374.14
0.16505,368.63
0.16529,359.68
0.16553,351.11
0.16577,343.94
0.16601,340.4
0.16625,335.27
0.16649,326.69
0.16673,319.82
0.16697,316.3
0.16721,311.31
0.16745,303.04
0.16769,296.37
0.16793,293.05
0.16817,288.29
0.16841,280.31
0.16865,273.96
0.16889,270.72
0.16913,266.16
0.16937,258.58
0.16961,252.41
0.16985,249.32
0.17009,244.79
0.17033,238.4
0.17057,235.4
0.17081,231.15
0.17105,223.96
0.17129,218.22
0.17153,215.31
0.17177,211.11
0.17201,205.15
0.17225,202.27
0.17249,198.19
0.17273,192.38
0.17297,189.28
0.17321,186.4
0.17345,183.63
0.17369,179.51
0.17393,173.83
0.17417,171.15
0.17441,167.31
0.17465,161.7
0.17489,158.81
0.17514,156.12
0.17538,153.47
0.17562,149.65
0.17586,144.4
0.1761,141.62
0.17634,138.98
0.17658,136.16
0.17682,133.37
0.17706,130.82
0.1773,127.16
0.17754,122.1
0.17778,119.41
0.17802,116.88
0.17826,114.16
0.1785,111.45
0.17874,108.72
0.17898,106.04
0.17922,103.44
0.17946,100.84
0.1797,98.223
0.17994,95.632
0.18018,93.079
0.18042,90.53
0.18066,87.969
0.1809,85.419
0.18114,82.793
0.18138,80.572
0.18162,78.922
0.18186,77.399
0.1821,75.521
0.18234,72.947
0.18258,70.686
0.18282,69.07
0.18306,67.58
0.1833,65.745
0.18354,63.229
0.18378,61.008
0.18402,59.328
0.18426,57.827
0.1845,56.294
0.18474,54.729
0.18498,53.174
0.18523,51.616
0.18547,50.056
0.18571,48.495
0.18595,46.931
0.18619,45.311
0.18643,43.723
0.18667,42.304
0.18691,41.05
0.18715,39.888
0.18739,38.776
0.18763,37.668
0.18787,36.526
0.18811,35.637
0.18835,34.889
0.18859,33.441
0.18883,32.624
0.18907,31.74
0.18931,30.652
0.18955,29.657
0.18979,29.031
0.19003,28.395
0.19027,27.643
0.19051,26.839
0.19075,26.009
0.19099,25.178
0.19123,24.341
0.19147,23.458
0.19171,22.485
0.19195,21.553
0.19219,20.673
0.19243,19.624
0.19267,18.822
0.19291,18.163
0.19315,17.33
0.19339,16.703
0.19363,16.063
0.19387,15.441
0.19411,14.944
0.19435,14.351
0.19459,13.383
0.19483,11.994
0.19508,11.354
0.19532,9.9291
0.19556,5.615
0.1958,3.2278
0.19604,1.4217
0.19628,-0.23613
0.19652,-3.0945
0.19676,-4.5794
0.197,-6.4945
0.19724,-8.1847
0.19748,-9.887
0.19772,-11.605
0.19796,-13.169
0.1982,-13.855
0.19844,-14.691
0.19868,-16.21
0.19892,-17.447
0.19916,-18.525
0.1994,-19.383
0.19964,-19.38
0.19988,-19.279
0.20012,-19.153
0.20036,-19.055
0.2006,-18.959
0.20084,-18.866
0.20108,-18.775
0.20132,-18.683
0.20156,-18.591
0.2018,-18.498
0.20204,-18.402
0.20228,-18.302
0.20252,-18.202
0.20276,-18.1
0.203,-17.992
0.20324,-17.873
0.20348,-17.727
0.20372,-17.573
0.20396,-17.451
0.2042,-17.363
0.20444,-17.29
0.20468,-17.218
0.20492,-17.133
0.20517,-17.031
0.20541,-16.921
0.20565,-16.812
0.20589,-16.7
0.20613,-16.602
0.20637,-16.52
0.20661,-16.449
0.20685,-16.395
0.20709,-16.358
0.20733,-16.327
0.20757,-16.288
0.20781,-16.222
0.20805,-16.188
0.20829,-16.188
0.20853,-16.188
0.20877,-16.188
0.20901,-16.188
0.20925,-16.188
0.20949,-16.188
0.20973,-16.188
0.20997,-16.188
0.21021,-16.189
0.21045,-16.236
0.21069,-16.301
0.21093,-16.349
0.21117,-16.41
0.21141,-16.513
0.21165,-16.627
0.21189,-16.733
0.21213,-16.84
0.21237,-16.946
0.21261,-17.052
0.21285,-17.153
0.21309,-17.268
0.21333,-17.424
0.21357,-17.59
0.21381,-17.75
0.21405,-17.909
0.21429,-18.069
0.21453,-18.228
0.21477,-18.371
0.21502,-18.557
0.21526,-18.873
0.2155,-19.034
0.21574,-19.189
0.21598,-19.398
0.21622,-19.617
0.21646,-19.808
0.2167,-20.054
0.21694,-20.475
0.21718,-20.674
0.21742,-20.907
0.21766,-21.384
0.2179,-21.636
0.21814,-21.854
0.21838,-22.069
0.21862,-22.345
0.21886,-22.819
0.2191,-23.048
0.21934,-23.302
0.21958,-23.777
0.21982,-24.006
0.22006,-24.259
0.2203,-24.735
0.22054,-24.964
0.22078,-25.217
0.22102,-25.692
0.22126,-25.922
0.2215,-26.174
0.22174,-26.651
0.22198,-26.904
0.22222,-27.188
0.22246,-27.716
0.2227,-27.972
0.22294,-28.251
0.22318,-28.78
0.22342,-29.036
0.22366,-29.315
0.2239,-29.844
0.22414,-30.101
0.22438,-30.378
0.22462,-30.921
0.22486,-31.468
0.22511,-31.738
0.22535,-32.029
0.22559,-32.585
0.22583,-32.856
0.22607,-33.145
0.22631,-33.713
0.22655,-34.261
0.22679,-34.532
0.22703,-34.822
0.22727,-35.378
0.22751,-35.637
0.22775,-35.911
0.22799,-36.45
0.22823,-36.974
0.22847,-37.233
0.22871,-37.506
0.22895,-38.046
0.22919,-38.57
0.22943,-38.829
0.22967,-39.103
0.22991,-39.634
0.23015,-39.894
0.23039,-40.166
0.23063,-40.704
0.23087,-41.23
0.23111,-41.494
0.23135,-41.762
0.23159,-42.239
0.23183,-42.474
0.23207,-42.718
0.23231,-43.202
0.23255,-43.676
0.23279,-43.911
0.23303,-44.155
0.23327,-44.633
0.23351,-44.869
0.23375,-45.112
0.23399,-45.594
0.23423,-46.016
0.23447,-46.225
0.23471,-46.441
0.23495,-46.867
0.2352,-47.086
0.23544,-47.292
0.23568,-47.61
0.23592,-47.762
0.23616,-47.93
0.2364,-48.356
0.23664,-48.575
0.23688,-48.781
0.23712,-49.1
0.23736,-49.258
0.2376,-49.419
0.23784,-49.738
0.23808,-49.897
0.23832,-50.057
0.23856,-50.376
0.2388,-50.544
0.23904,-50.695
0.23928,-50.908
0.23952,-51.025
0.23976,-51.121
0.24,-51.217
