0.314606589615778,0
0.989851129373562,7501.30282592748
2.63108715519161,15283.1195038237
4.27157683207815,23470.7340384414
4.90635591202346,31947.3157489136
5.54885488299135,40591.637054801
6.16926413448033,49403.5586334703
7.96891566052466,58558.9693658158
9.76476559597938,68240.2981696028
10.3561579322316,78280.0482120762
11.5192168378265,88601.5982720075
12.1019926792571,99211.4501351002
12.6935561890929,110020.78927515
13.2825358439328,121035.479327483
13.8930307931217,132263.528411012
14.5139555774223,143713.099083298
15.14597207548,155392.552427731
15.802559275197,167310.412708402
16.4722985981883,179475.413630969
17.1694475940713,191900.737795075
17.8960144600639,204597.719060539
18.6543222364871,217578.015112554
19.4614392734658,230855.733731942
20.3070833057292,244445.378999065
21.1952332133798,258361.814506368
22.1624972333309,272622.622401329
23.3188551327428,287270.233336359
24.3952158759124,302338.896380922
26.0315744427381,317938.982690407
27.0309792829618,334060.814720217
28.0021549250316,350584.929695684
29.254128897776,367575.162373425
31.0738053797708,385234.803631798
32.2554289097657,403574.220671733
32.8228069863758,422328.703027533
33.6481034159825,441439.370240088
34.4698425922534,460990.523488595
34.9841070797764,480918.067323607
35.7893501180096,501237.217668079
36.8414507794644,522129.569032549
37.6566333321846,543620.071681662
38.711329648813,565755.462468155
39.912247815365,588675.806612931
40.5745892111316,612215.89128008
41.3549718367196,636197.277965567
42.3559259102591,660638.995788183
44.4088396307135,685672.740040876
45,711304.179490534
45,737349.485073071
45,763747.122004007
45,790817.583794119
45,818912.024553424
45,847764.392394235
45,877324.383739977
45,907870.40018933
45,939322.825979901
45,971589.431344677
45,1004556.74964624
45,1038101.80916841
45,1072535.48716802
45,1108191.09261991
45,1145115.56425462
45,1183345.94622092
45,1222918.26812775
45.418012157455,1263935.89718341
47.2121054388136,1305979.07366829
48.7397682616761,1348607.06578196
50.087752184635,1391875.76495128
51.2607420472313,1435769.94260979
52.3909927534684,1480273.96990602
52.8960950505441,1525229.68543055
53.9197617545647,1570615.67153632
54.9098879998832,1616552.17619052
55.8108898677276,1663007.52061084
56.6737565479504,1709945.35085193
57.4640367705809,1757318.26558847
58.2081332624232,1805074.07275417
59.3896564195477,1853244.83035034
61.3670200483817,1901950.26770889
63.0386065916015,1951180.23472381
64.0062310129825,2000744.04853452
64.9654057039768,2050516.26526209
66.7810656827796,2100533.67004682
68.4812472130037,2150807.45333529
69.722513256952,2201235.35888085
70.9095261375011,2251727.56413845
72.0699288349907,2302241.21285084
73.187603654452,2352737.70733648
74.628180466772,2403163.47432684
76.0102750766862,2453469.32322092
77.3414937143314,2503616.93115261
78.6166805246662,2553568.15047894
79.841884726916,2603293.56886833
81.0327875944751,2652768.22561717
83.2993305168321,2701796.45588891
85.4461432001306,2750163.58110641
86.4709164242108,2797988.26541035
88.4525936997352,2845200.02746551
90.3535763326123,2891553.31792311
91.2724883823581,2937228.32300685
92.6108470466045,2982306.12379114
93.9078118416291,3026649.53385837
94.7490671409769,3070367.78465731
95.9904295794616,3113446.43947123
97.1973137822645,3155744.38820843
97.9738522334894,3197384.99869099
98.7519810002547,3238497.6393453
99.5078192824658,3279081.84628164
100.250000704128,3319137.20553071
101.695187255972,3358403.34038248
102.399007667905,3396881.74733467
103.098557753124,3434841.52421915
103.778632682638,3472289.89565958
104.4473431366,3509230.33001742
105.104982356688,3545673.55723267
105.751823866121,3581630.20817084
106.388122906311,3617103.55302587
107.014117934462,3652103.97863746
107.63003188992,3686648.84641695
108.2360732484,3720748.21170442
108.824995632869,3754411.94629629
109.411889886071,3787656.76909284
109.982065873281,3820495.68855457
110.543121328061,3852941.50009377
111.095202630727,3885006.83302714
111.64577849375,3916704.11449742
112.720820342725,3947870.90454548
114.849276773887,3978014.67760827
115.918162254086,4007150.30198109
116.990691328375,4035615.51713422
118.067269608726,4063411.76292769
119.155456970701,4090537.58363596
120.24848795434,4116991.83241455
121.353916749699,4142776.79854433
122.457916720748,4167895.00843078
123.5751824691,4192346.26372598
124.706161772663,4216130.68953238
125.837104713153,4239251.70174383
126.982730817475,4261715.80378129
128.129313845406,4283526.86756017
129.291623615065,4304686.17759363
130.4630908921,4325200.86634137
131.63711882486,4345075.56773688
132.828617113527,4364315.08763784
134.031057864674,4382929.74219314
135.237853104485,4400924.77071412
137.696116580472,4418006.48078773
140.194537283864,4433897.70763605
142.754138648764,4448634.47387447
145.367128586026,4462253.69271588
148.041196468975,4474795.0858934
150.785129647385,4486303.09795119
153.609118441541,4496824.0855446
156.516809733171,4506404.22575659
159.530394462134,4515089.33726292
162.649377736757,4522928.34904456
165.902494047893,4529971.0360435
169.305827790112,4536267.58571174
172.891542151723,4541866.964187
176.691952374128,4546818.0561987
178.70009272251,4551310.65630766
180.777549578055,4555516.3252829
185.239154004764,4559317.56100645
187.646555765491,4562729.36949604
190.209461867138,4565893.97223189
191.552661988621,4568874.72998553
192.965588514408,4571732.79893109
194.440907660162,4574468.76149368
196.006029880166,4577082.36797719
197.638565637294,4579572.60868627
199.391783441581,4581938.75366454
201.270698958443,4584180.36143552
203.33171693914,4586296.4228422
204.956137519365,4588301.42703964
206.694050183736,4590211.0433411
207.90948564443,4592040.47391997
209.152495969621,4593804.39097627
211.695413614408,4595468.88503788
214.457585511996,4596999.99662795
216.198225599706,4598421.47732966
217.311475903152,4599774.52632202
218.838981402347,4601062.572257
220.374399883295,4602272.08215353
221.360724489918,4603416.29208974
222.05731253974,4604507.87639903
222.426716716174,4605530.57016623
228.496487341107,4606470.20486075
230.097263322635,4607331.66765457
233.045005794421,4608102.39139312
235.852513829546,4608772.97576625
237.974095708351,4609365.74827078
240.782808965781,4609892.18212599
246.043092051634,4610325.8620996
249.53976541635,4610667.86855044
250.668533961788,4610965.95197745
253.859848121787,4611230.15532135
257.20418776055,4611446.75403675
258.556055839409,4611631.89597649
260.281704713158,4611799.47565924
261.945030670241,4611949.72026418
263.527088135688,4612085.13199221
265.050629542014,4612207.95260642
266.522184846848,4612320.01500294
267.947184775297,4612422.96266886
269.318243409631,4612518.30504704
270.640206638477,4612607.22867461
271.91720736001,4612690.83084736
273.152803956061,4612770.1214412
274.339218063767,4612845.88213036
275.49045583511,4612918.67950117
276.608847084313,4612989.21290772
277.675921260105,4613057.99356875
279.202754369543,4613125.12319842
280.654965403938,4613190.85166749
282.430749940448,4613255.57836115
284.078831803951,4613319.53956819
285.558235835456,4613382.89207644
286.955793965381,4613445.63878131
288.285180491699,4613507.6326992
289.585011652049,4613568.72867182
291.247187063641,4613628.85958144
292.9301323413,4613687.81361883
293.979128236135,4613745.74552218
295.395131647848,4613802.81006683
296.480211093853,4613858.94146464
297.208375714311,4613914.36005269
298.686611277611,4613968.93092012
300.17807669265,4614022.38023581
301.702556409425,4614074.65104143
303.232906643429,4614125.68792441
304.396644396084,4614175.63963536
305.566610726916,4614224.65201163
307.140927402576,4614272.5369088
308.730802742558,4614319.11082405
310.329579790257,4614364.26465524
311.945526425755,4614408.01842381
313.56494937558,4614450.39615575
315.1962641556,4614491.29675653
316.840572737521,4614530.74643463
318.484713782613,4614568.77139614
320.144358174301,4614605.39784577
321.806553152553,4614640.65198705
323.479876176455,4614674.45020173
325.158701705468,4614706.71360566
328.532063853042,4614736.75504972
331.932730391273,4614763.8441777
335.353382616438,4614788.03751372
338.801911173741,4614809.41343307
340.536201387857,4614828.62645678
342.272547041768,4614846.44297511
344.020599098878,4614862.91868799
345.78284917445,4614878.0304359
347.554225156435,4614891.83719747
349.345265634968,4614904.39795161
351.151200794509,4614915.77167766
352.991704734871,4614925.95816452
354.854663669456,4614935.01966963
356.761547493654,4614943.02537128
360.68783372051,4614949.52243138
364.857257620054,4614954.22643472
369.353405604698,4614957.42866962
374.330210128896,4614959.42043192
380.115277730656,4614960.47754562
405,4614960.80994963
405,4614960.81988125
423.720329004358,4614960.83114154
431.650451244019,4614960.84470562
437.862377831605,4614960.86006825
443.211478745257,4614960.87695118
448.028423845439,4614960.89511407
452.483042071822,4614960.91433847
456.676790836707,4614960.93442235
460.676513797902,4614960.95517779
464.529489689285,4614960.97642986
468.271075587764,4614960.99801614
471.928990349748,4614961.01978657
475.525892065398,4614961.04160345
479.081036071439,4614961.06334163
482.611410589371,4614961.08488869
486.132564661405,4614961.10614527
489.65924919768,4614961.12702532
493.20597289729,4614961.14745637
496.787505401554,4614961.16737983
500.419404966796,4614961.18675115
504.11864322602,4614961.20553995
507.904296093529,4614961.22372996
511.798542431619,4614961.24131886
515.828006408291,4614961.25831774
520.025799436717,4614961.27475024
524.434613090371,4614961.29065108
529.111973086892,4614961.30606366
534.139559705757,4614961.32103637
539.641605118515,4614961.3356163
545.825953771203,4614961.34983842
549.285781134834,4614961.36379999
553.096547845134,4614961.37757773
557.404509178912,4614961.39114698
562.494940065983,4614961.40445698
569.104628765193,4614961.41739959
585,4614961.4294644
599.569697762359,4614961.84262552
605.624243037639,4614963.86433687
610.2841553859,4614969.10435584
614.225038920779,4614979.17207224
617.704481701191,4614995.71966595
620.861234238755,4615020.416501
623.77473750585,4615054.90629146
626.496783783073,4615100.83274008
631.506488333635,4615167.9577879
636.073400491364,4615268.85728815
640.301064303466,4615410.90983496
644.274675674783,4615602.2723881
648.045874584464,4615851.46795417
651.652670740956,4616167.54221583
655.115951027126,4616560.71626209
658.475446203989,4617041.47761737
661.725871828496,4617621.43476178
664.906741557666,4618313.37759839
668.015963259851,4619130.46227336
669.546598148567,4620049.95583334
671.065566747588,4621043.79952411
672.574125678001,4622115.52086884
674.073478124927,4623270.01367609
675.564782604226,4624512.36116169
677.049160972325,4625846.46966266
678.520540648213,4627277.07727037
679.99434247732,4628810.54078454
681.457301106651,4630451.95015796
682.917611436006,4632206.60223382
684.376300351667,4634080.73816257
685.834397683707,4636079.99972774
687.292942685184,4638211.08630019
688.745862723718,4640480.91871221
690.208475188322,4642896.70008593
691.667606237029,4645465.86374657
693.131511434548,4648196.13623688
694.586921006799,4651095.48304542
696.049353900191,4654171.09982661
697.512761307441,4657430.36690745
698.970966168127,4660880.85147343
700.432429207567,4664530.30975385
701.890931588166,4668387.89067214
703.34758004158,4672461.76788431
704.795889807651,4676759.1095474
706.244489767627,4681288.45065085
707.686781504267,4686057.19137701
709.123720900557,4691072.86595199
710.556281035217,4696343.07598822
711.977324502387,4701875.55859923
713.395757428038,4707679.59002018
714.101193462507,4713691.28869876
714.804216178164,4719844.39383358
715.504904828736,4726140.53177979
717.232830865061,4732691.64955014
718.958287643258,4739615.53610744
719.637440955137,4746806.06653844
