1.700000000000000000e+01	-0.000000000000000000e+00	0.000000000000000000e+00
1.699966060855728145e+01	-1.074409838504853942e-01	0.000000000000000000e+00
1.699863798000825454e+01	-2.153507823629987328e-01	0.000000000000000000e+00
1.699691927546272296e+01	-3.241635289249137908e-01	0.000000000000000000e+00
1.699448418396945115e+01	-4.342765981183430712e-01	0.000000000000000000e+00
1.699130581260657280e+01	-5.460517845860239916e-01	0.000000000000000000e+00
1.698735153810595477e+01	-6.598164769110389516e-01	0.000000000000000000e+00
1.698258382054592985e+01	-7.758648258364511108e-01	0.000000000000000000e+00
1.697696097965525652e+01	-8.944589061638992256e-01	0.000000000000000000e+00
1.697043793427911140e+01	-1.015829871683245456e+00	0.000000000000000000e+00
1.696296690556591713e+01	-1.140179102498477537e+00	0.000000000000000000e+00
1.695449808444156403e+01	-1.267679344128251229e+00	0.000000000000000000e+00
1.694498026394496648e+01	-1.398475837772728658e+00	0.000000000000000000e+00
1.693436143700624186e+01	-1.532687441151663776e+00	0.000000000000000000e+00
1.692258936025586635e+01	-1.670407739332091079e+00	0.000000000000000000e+00
1.690961208446005060e+01	-1.811706144977416777e+00	0.000000000000000000e+00
1.689537845218414347e+01	-1.956628987463186364e+00	0.000000000000000000e+00
1.687983856329248411e+01	-2.105200590318410114e+00	0.000000000000000000e+00
1.686294420889914392e+01	-2.257424336464889603e+00	0.000000000000000000e+00
1.684464927439029580e+01	-2.413283720740684757e+00	0.000000000000000000e+00
1.682491011214439069e+01	-2.572743389207552855e+00	0.000000000000000000e+00
1.680368588458244972e+01	-2.735750164755962999e+00	0.000000000000000000e+00
1.678093887818552687e+01	-2.902234058535069661e+00	0.000000000000000000e+00
1.675663478912223425e+01	-3.072109266748883183e+00	0.000000000000000000e+00
1.673074298113367675e+01	-3.245275152373750860e+00	0.000000000000000000e+00
1.670323671632822737e+01	-3.421617211366175582e+00	0.000000000000000000e+00
1.667409335954294747e+01	-3.601008022943935849e+00	0.000000000000000000e+00
1.664329455693288651e+01	-3.783308183537464231e+00	0.000000000000000000e+00
1.661082638945361012e+01	-3.968367224022455009e+00	0.000000000000000000e+00
1.657667950190612061e+01	-4.156024509858649019e+00	0.000000000000000000e+00
1.654084920821726357e+01	-4.346110123773888390e+00	0.000000000000000000e+00
1.650333557363192583e+01	-4.538445730646516019e+00	0.000000000000000000e+00
1.646414347449681514e+01	-4.732845424253363298e+00	0.000000000000000000e+00
1.642328263631866392e+01	-4.929116555564625912e+00	0.000000000000000000e+00
1.638076765078242403e+01	-5.127060542281091315e+00	0.000000000000000000e+00
1.633661797241782310e+01	-5.326473659323278653e+00	0.000000000000000000e+00
1.629085789560500075e+01	-5.527147809996203698e+00	0.000000000000000000e+00
1.624351651261228824e+01	-5.728871277567699316e+00	0.000000000000000000e+00
1.619462765336093923e+01	-5.931429457012204587e+00	0.000000000000000000e+00
1.614422980761379733e+01	-6.134605566686297529e+00	0.000000000000000000e+00
1.609236603028626433e+01	-6.338181339716235208e+00	0.000000000000000000e+00
1.603908383057924780e+01	-6.541937694891986510e+00	0.000000000000000000e+00
1.598443504563519291e+01	-6.745655386876381776e+00	0.000000000000000000e+00
1.592847569941909214e+01	-6.949115635552117531e+00	0.000000000000000000e+00
1.587126584752715175e+01	-7.152100734343447286e+00	0.000000000000000000e+00
1.581286940862642432e+01	-7.354394637363621534e+00	0.000000000000000000e+00
1.575335398322894598e+01	-7.555783525253010779e+00	0.000000000000000000e+00
1.569279066050419580e+01	-7.756056349587200138e+00	0.000000000000000000e+00
1.563125381383355439e+01	-7.955005355748124174e+00	0.000000000000000000e+00
1.556882088581004986e+01	-8.152426584165505474e+00	0.000000000000000000e+00
1.550557216338651934e+01	-8.348120349849864397e+00	0.000000000000000000e+00
1.544159054387422714e+01	-8.541891700152243416e+00	0.000000000000000000e+00
1.537696129249340338e+01	-8.733550850699810297e+00	0.000000000000000000e+00
1.531177179217595885e+01	-8.922913599470430057e+00	0.000000000000000000e+00
1.524611128631926960e+01	-9.109801718983106866e+00	0.000000000000000000e+00
1.518007061518855494e+01	-9.294043326595094356e+00	0.000000000000000000e+00
1.511374194666355741e+01	-9.475473232910276877e+00	0.000000000000000000e+00
1.504721850202340150e+01	-9.653933268317114624e+00	0.000000000000000000e+00
1.498059427746132855e+01	-9.829272587688269169e+00	0.000000000000000000e+00
1.491396376201880081e+01	-1.000134795328760795e+01	0.000000000000000000e+00
1.484742165262585445e+01	-1.017002399594389850e+01	0.000000000000000000e+00
1.478106256693186360e+01	-1.033517345456420777e+01	0.000000000000000000e+00
1.471498075460819344e+01	-1.049667739407327360e+01	0.000000000000000000e+00
1.464926980780072263e+01	-1.065442540187898146e+01	0.000000000000000000e+00
1.458402237140731472e+01	-1.080831576297692820e+01	0.000000000000000000e+00
1.451932985385157515e+01	-1.095825561382097035e+01	0.000000000000000000e+00
1.445528213902057502e+01	-1.110416107509956518e+01	0.000000000000000000e+00
1.439196730003042290e+01	-1.124595736357090558e+01	0.000000000000000000e+00
1.432947131547941311e+01	-1.138357888312343036e+01	0.000000000000000000e+00
1.426787778884418145e+01	-1.151696929524062085e+01	0.000000000000000000e+00
1.420726767166991777e+01	-1.164608156906286496e+01	0.000000000000000000e+00
1.414771899120093934e+01	-1.177087801125132849e+01	0.000000000000000000e+00
1.408930658309315476e+01	-1.189133027587222813e+01	0.000000000000000000e+00
1.403210182984482657e+01	-1.200741935453218723e+01	0.000000000000000000e+00
1.397617240557697116e+01	-1.211913554700843676e+01	0.000000000000000000e+00
1.392158202778902165e+01	-1.222647841263008850e+01	0.000000000000000000e+00
1.386839021671020156e+01	-1.232945670267906024e+01	0.000000000000000000e+00
1.381665206286091241e+01	-1.242808827409207062e+01	0.000000000000000000e+00
1.376641800343253941e+01	-1.252239998475707594e+01	0.000000000000000000e+00
1.371773360808819753e+01	-1.261242757071001463e+01	0.000000000000000000e+00
1.367063937478020108e+01	-1.269821550554986445e+01	0.000000000000000000e+00
1.362517053617378160e+01	-1.277981684240201510e+01	0.000000000000000000e+00
1.358135687725990692e+01	-1.285729303877192109e+01	0.000000000000000000e+00
1.353922256473300401e+01	-1.293071376464306077e+01	0.000000000000000000e+00
1.349878598870237134e+01	-1.300015669418479547e+01	0.000000000000000000e+00
1.346005961729911604e+01	-1.306570728144744642e+01	0.000000000000000000e+00
1.342304986473264350e+01	-1.312745852043342865e+01	0.000000000000000000e+00
1.338775697334332904e+01	-1.318551068994505293e+01	0.000000000000000000e+00
1.335417491019047276e+01	-1.323997108362029884e+01	0.000000000000000000e+00
1.332229127870617447e+01	-1.329095372557994814e+01	0.000000000000000000e+00
1.329208724593835989e+01	-1.333857907211959848e+01	0.000000000000000000e+00
1.326353748589731474e+01	-1.338297369989212449e+01	0.000000000000000000e+00
1.323661013951201859e+01	-1.342426998103618985e+01	0.000000000000000000e+00
1.321126679169386797e+01	-1.346260574571764046e+01	0.000000000000000000e+00
1.318746246599673988e+01	-1.349812393256089038e+01	0.000000000000000000e+00
1.316514563735293741e+01	-1.353097222745877382e+01	0.000000000000000000e+00
1.314425826335645198e+01	-1.356130269125814003e+01	0.000000000000000000e+00
1.312473583455447468e+01	-1.358927137683074982e+01	0.000000000000000000e+00
1.310650744419991121e+01	-1.361503793604721047e+01	0.000000000000000000e+00
1.308949587790718283e+01	-1.363876521718314017e+01	0.000000000000000000e+00
1.307361772364417618e+01	-1.366061885329613723e+01	0.000000000000000000e+00
1.305878350248387498e+01	-1.368076684212100069e+01	0.000000000000000000e+00
1.304489782052785252e+01	-1.369937911804228037e+01	0.000000000000000000e+00
1.303185954240530542e+01	-1.371662711671032220e+01	0.000000000000000000e+00
1.301956198673944520e+01	-1.373268333287809106e+01	0.000000000000000000e+00
1.300789314396401508e+01	-1.374772087204394388e+01	0.000000000000000000e+00
1.299673591686030782e+01	-1.376191299649604183e+01	0.000000000000000000e+00
1.298596838417625854e+01	-1.377543266636122077e+01	0.000000000000000000e+00
1.297546408767711412e+01	-1.378845207627086467e+01	0.000000000000000000e+00
1.296509234296573965e+01	-1.380114218826535932e+01	0.000000000000000000e+00
1.295471857440088748e+01	-1.381367226156571171e+01	0.000000000000000000e+00
1.294420467442894385e+01	-1.382620937985064202e+01	0.000000000000000000e+00
1.293340938763426884e+01	-1.383891797668440304e+01	0.000000000000000000e+00
1.292218871980062822e+01	-1.385195935974958203e+01	0.000000000000000000e+00
1.291039637226538872e+01	-1.386549123454630461e+01	0.000000000000000000e+00
1.289788420183626094e+01	-1.387966722822634935e+01	0.000000000000000000e+00
1.288450270652699281e+01	-1.389463641424009310e+01	0.000000000000000000e+00
1.287010153735847240e+01	-1.391054283847905282e+01	0.000000000000000000e+00
1.285453003645722703e+01	-1.392752504760592025e+01	0.000000000000000000e+00
1.283763780167308255e+01	-1.394571562026956002e+01	0.000000000000000000e+00
1.281927527792282540e+01	-1.396524070191066969e+01	0.000000000000000000e+00
1.279929437545641058e+01	-1.398621954386889144e+01	0.000000000000000000e+00
1.277754911522855608e+01	-1.400876404750922788e+01	0.000000000000000000e+00
1.275389630154416842e+01	-1.403297831409338947e+01	0.000000000000000000e+00
1.272819622213626367e+01	-1.405895820112482575e+01	0.000000000000000000e+00
1.270031337581937159e+01	-1.408679088590461959e+01	0.000000000000000000e+00
1.267011722784894090e+01	-1.411655443704036017e+01	0.000000000000000000e+00
1.263748299310428180e+01	-1.414831739465531157e+01	0.000000000000000000e+00
1.260229244719865171e+01	-1.418213836005148565e+01	0.000000000000000000e+00
1.256443476560722416e+01	-1.421806559558406136e+01	0.000000000000000000e+00
1.252380739088929040e+01	-1.425613663551123977e+01	0.000000000000000000e+00
1.248031692806733695e+01	-1.429637790858764745e+01	0.000000000000000000e+00
1.243388006821317937e+01	-1.433880437317308854e+01	0.000000000000000000e+00
1.238442454027506834e+01	-1.438341916563524236e+01	0.000000000000000000e+00
1.233189009116742163e+01	-1.443021326282728012e+01	0.000000000000000000e+00
1.227622949413055586e+01	-1.447916515942547200e+01	0.000000000000000000e+00
1.221740958535291277e+01	-1.453024056091701155e+01	0.000000000000000000e+00
1.215541232883334821e+01	-1.458339209303150064e+01	0.000000000000000000e+00
1.209023590944989479e+01	-1.463855902841114087e+01	0.000000000000000000e+00
1.202189585418096485e+01	-1.469566703132268515e+01	0.000000000000000000e+00
1.195042618141866164e+01	-1.475462792121002842e+01	0.000000000000000000e+00
1.187588057829023569e+01	-1.481533945589740853e+01	0.000000000000000000e+00
1.179833360589535474e+01	-1.487768513525009517e+01	0.000000000000000000e+00
1.171788193235093445e+01	-1.494153402610282022e+01	0.000000000000000000e+00
1.163464559351703720e+01	-1.500674060927183184e+01	0.000000000000000000e+00
1.154876928126733659e+01	-1.507314464946374422e+01	0.000000000000000000e+00
1.146042365914807171e+01	-1.514057108890052028e+01	0.000000000000000000e+00
1.136980670525849924e+01	-1.520882996547800659e+01	0.000000000000000000e+00
1.127714508216577904e+01	-1.527771635628047875e+01	0.000000000000000000e+00
1.118269553365854740e+01	-1.534701034727084767e+01	0.000000000000000000e+00
1.108674630812013717e+01	-1.541647702998190717e+01	0.000000000000000000e+00
1.098961860829562553e+01	-1.548586652602955915e+01	0.000000000000000000e+00
1.089166806720462866e+01	-1.555491404027502789e+01	0.000000000000000000e+00
1.078700635165158239e+01	-1.562767666852429471e+01	0.000000000000000000e+00
1.068185855655667460e+01	-1.569973508898246095e+01	0.000000000000000000e+00
1.057622942004559974e+01	-1.577108605458330537e+01	0.000000000000000000e+00
1.047012370193407804e+01	-1.584172635013963415e+01	0.000000000000000000e+00
1.036354618351332846e+01	-1.591165279248816589e+01	0.000000000000000000e+00
1.025650166733465163e+01	-1.598086223063297773e+01	0.000000000000000000e+00
1.014899497699300213e+01	-1.604935154588748603e+01	0.000000000000000000e+00
1.004103095690961567e+01	-1.611711765201497926e+01	0.000000000000000000e+00
9.932614472113760584e+00	-1.618415749536769610e+01	0.000000000000000000e+00
9.823750408023450120e+00	-1.625046805502442382e+01	0.000000000000000000e+00
9.714443670225341165e+00	-1.631604634292661515e+01	0.000000000000000000e+00
9.604699184253664868e+00	-1.638088940401305038e+01	0.000000000000000000e+00
9.494521895368276176e+00	-1.644499431635300724e+01	0.000000000000000000e+00
9.390547908119406983e+00	-1.650458691404086053e+01	0.000000000000000000e+00
9.286611727846194597e+00	-1.656328923652599627e+01	0.000000000000000000e+00
9.183103637453182699e+00	-1.662089087809535570e+01	0.000000000000000000e+00
9.080385849811349885e+00	-1.667720633336817215e+01	0.000000000000000000e+00
8.978793083324781321e+00	-1.673207363719795993e+01	0.000000000000000000e+00
8.878633152411156360e+00	-1.678535304037807663e+01	0.000000000000000000e+00
8.780187572045093702e+00	-1.683692572102513552e+01	0.000000000000000000e+00
8.683712175520767573e+00	-1.688669253150055383e+01	0.000000000000000000e+00
8.589437744597006485e+00	-1.693457278071718974e+01	0.000000000000000000e+00
8.497570651196008740e+00	-1.698050305166439600e+01	0.000000000000000000e+00
8.408293509833830726e+00	-1.702443605397190751e+01	0.000000000000000000e+00
8.321765839969081924e+00	-1.706633951131936655e+01	0.000000000000000000e+00
8.238124737463682123e+00	-1.710619508348587559e+01	0.000000000000000000e+00
8.157485554357895907e+00	-1.714399732282060640e+01	0.000000000000000000e+00
8.079942586169924112e+00	-1.717975266490332942e+01	0.000000000000000000e+00
8.005569765938783888e+00	-1.721347845315077407e+01	0.000000000000000000e+00
7.934421364237615570e+00	-1.724520199711267665e+01	0.000000000000000000e+00
7.866532694393353786e+00	-1.727495966418900863e+01	0.000000000000000000e+00
7.801920822157447866e+00	-1.730279600448793786e+01	0.000000000000000000e+00
7.740585279081223291e+00	-1.732876290853199208e+01	0.000000000000000000e+00
7.682508778858766263e+00	-1.735291879750842980e+01	0.000000000000000000e+00
7.627657935909248010e+00	-1.737532784574800004e+01	0.000000000000000000e+00
7.575983985480224447e+00	-1.739605923510503871e+01	0.000000000000000000e+00
7.527423504562690049e+00	-1.741518644090055901e+01	0.000000000000000000e+00
7.481899132918720774e+00	-1.743278654907877012e+01	0.000000000000000000e+00
7.439320293531927142e+00	-1.744893960421685364e+01	0.000000000000000000e+00
7.399583911801249414e+00	-1.746372798801672488e+01	0.000000000000000000e+00
7.362575132808363954e+00	-1.747723582789724261e+01	0.000000000000000000e+00
7.328168035999470753e+00	-1.748954843529464043e+01	0.000000000000000000e+00
7.296226346632257886e+00	-1.750075177326901965e+01	0.000000000000000000e+00
7.266604143349560729e+00	-1.751093195300435923e+01	0.000000000000000000e+00
7.239146561251542877e+00	-1.752017475877993036e+01	0.000000000000000000e+00
7.213690489849118315e+00	-1.752856520098093540e+01	0.000000000000000000e+00
7.190065265291985419e+00	-1.753618709670709208e+01	0.000000000000000000e+00
7.168093356275692329e+00	-1.754312267752800381e+01	0.000000000000000000e+00
7.147591043042957004e+00	-1.754945222392549553e+01	0.000000000000000000e+00
7.128369088906017836e+00	-1.755525372595365141e+01	0.000000000000000000e+00
7.110233403727444390e+00	-1.756060256963879596e+01	0.000000000000000000e+00
7.092985698808819350e+00	-1.756557124863272534e+01	0.000000000000000000e+00
7.076424132647651355e+00	-1.757022910062442023e+01	0.000000000000000000e+00
7.060343947034771084e+00	-1.757464206800666773e+01	0.000000000000000000e+00
7.044538092975912491e+00	-1.757887248228653476e+01	0.000000000000000000e+00
7.028797845933060451e+00	-1.758297887172010121e+01	0.000000000000000000e+00
7.012913409892944649e+00	-1.758701579164476669e+01	0.000000000000000000e+00
6.996674509781923845e+00	-1.759103367697438358e+01	0.000000000000000000e+00
6.979870971758804998e+00	-1.759507871631535991e+01	0.000000000000000000e+00
6.962293290928833756e+00	-1.759919274715484150e+01	0.000000000000000000e+00
6.943733186034680926e+00	-1.760341317156478880e+01	0.000000000000000000e+00
6.923984140692367006e+00	-1.760777289185929817e+01	0.000000000000000000e+00
6.902841930752444455e+00	-1.761230026563572437e+01	0.000000000000000000e+00
6.880105137379165292e+00	-1.761701907962389413e+01	0.000000000000000000e+00
6.855575645453019007e+00	-1.762194854176136616e+01	0.000000000000000000e+00
6.829059126914517996e+00	-1.762710329090689854e+01	0.000000000000000000e+00
6.800365508679674598e+00	-1.763249342359818428e+01	0.000000000000000000e+00
6.769309424770695749e+00	-1.763812453725456919e+01	0.000000000000000000e+00
6.735710652317806968e+00	-1.764399778921980300e+01	0.000000000000000000e+00
6.699394531101269479e+00	-1.765010997103488677e+01	0.000000000000000000e+00
6.660192366315450307e+00	-1.765645359732583586e+01	0.000000000000000000e+00
6.617941814249943988e+00	-1.766301700868642044e+01	0.000000000000000000e+00
6.572487250595560937e+00	-1.766978448793140899e+01	0.000000000000000000e+00
6.523680121096390394e+00	-1.767673638909117173e+01	0.000000000000000000e+00
6.471379274281878757e+00	-1.768384927851455402e+01	0.000000000000000000e+00
6.415451276026794325e+00	-1.769109608744254558e+01	0.000000000000000000e+00
6.355770705699188561e+00	-1.769844627541183968e+01	0.000000000000000000e+00
6.292220433670896895e+00	-1.770586600384328335e+01	0.000000000000000000e+00
6.224691879977400255e+00	-1.771331831916717903e+01	0.000000000000000000e+00
6.153085253928142428e+00	-1.772076334483387683e+01	0.000000000000000000e+00
6.077309774481214788e+00	-1.772815848155530105e+01	0.000000000000000000e+00
5.997283871210084882e+00	-1.773545861511984612e+01	0.000000000000000000e+00
5.912935365703423152e+00	-1.774261633112102388e+01	0.000000000000000000e+00
5.824201633252720889e+00	-1.774958213593709289e+01	0.000000000000000000e+00
5.731029744695808503e+00	-1.775630468329742939e+01	0.000000000000000000e+00
5.633376588298021126e+00	-1.776273100576865360e+01	0.000000000000000000e+00
5.531208971566432986e+00	-1.776880675049225289e+01	0.000000000000000000e+00
5.424503702906194214e+00	-1.777447641850361748e+01	0.000000000000000000e+00
5.313247653041469398e+00	-1.777968360696080907e+01	0.000000000000000000e+00
5.197437796137393207e+00	-1.778437125361059046e+01	0.000000000000000000e+00
5.077081230573158521e+00	-1.778848188281779485e+01	0.000000000000000000e+00
4.952195179329596186e+00	-1.779195785248363038e+01	0.000000000000000000e+00
4.822806969969050783e+00	-1.779474160117774417e+01	0.000000000000000000e+00
4.688953994198328701e+00	-1.779677589480858657e+01	0.000000000000000000e+00
4.550683647019711842e+00	-1.779800407215626379e+01	0.000000000000000000e+00
4.408053245488511074e+00	-1.779837028859236270e+01	0.000000000000000000e+00
4.261129927109611693e+00	-1.779781975731107835e+01	0.000000000000000000e+00
4.109990527918625070e+00	-1.779629898739677785e+01	0.000000000000000000e+00
3.954721440307737979e+00	-1.779375601805347529e+01	0.000000000000000000e+00
3.795418450669448607e+00	-1.779014064832269071e+01	0.000000000000000000e+00
3.632186556945327105e+00	-1.778540466161708977e+01	0.000000000000000000e+00
3.465139766180762138e+00	-1.777950204439875037e+01	0.000000000000000000e+00
3.294400872199831021e+00	-1.777238919833201081e+01	0.000000000000000000e+00
3.120101213528746698e+00	-1.776402514524285081e+01	0.000000000000000000e+00
2.942380411709575316e+00	-1.775437172421841581e+01	0.000000000000000000e+00
2.761386090159472229e+00	-1.774339378018239088e+01	0.000000000000000000e+00
2.577273573744384816e+00	-1.773105934328422606e+01	0.000000000000000000e+00
2.390205569250377415e+00	-1.771733979844267992e+01	0.000000000000000000e+00
2.200351826947475775e+00	-1.770221004438673518e+01	0.000000000000000000e+00
2.007888783457086213e+00	-1.768564864154001270e+01	0.000000000000000000e+00
1.812999186144750752e+00	-1.766763794809762089e+01	0.000000000000000000e+00
1.615871699275591045e+00	-1.764816424364786940e+01	0.000000000000000000e+00
1.416700492182257909e+00	-1.762721783969472256e+01	0.000000000000000000e+00
1.215684809707996195e+00	-1.760479317644040265e+01	0.000000000000000000e+00
1.013028525202698704e+00	-1.758088890519167435e+01	0.000000000000000000e+00
8.089396763604510543e-01	-1.755550795575721423e+01	0.000000000000000000e+00
6.036299842028055584e-01	-1.752865758820795961e+01	0.000000000000000000e+00
3.973143555230096990e-01	-1.750034942837648089e+01	0.000000000000000000e+00
1.902103691219115544e-01	-1.747059948647671135e+01	0.000000000000000000e+00
-1.746225382309764262e-02	-1.743942815822955339e+01	0.000000000000000000e+00
-2.254821949004008619e-01	-1.740686020788536936e+01	0.000000000000000000e+00
-4.336270987484115436e-01	-1.737292473253978287e+01	0.000000000000000000e+00
-6.416741481016569049e-01	-1.733765510714424352e+01	0.000000000000000000e+00
-8.494006532035082158e-01	-1.730108890961887980e+01	0.000000000000000000e+00
-1.056584655179379606e+00	-1.726326782548079919e+01	0.000000000000000000e+00
-1.263005542949932503e+00	-1.722423753140743941e+01	0.000000000000000000e+00
-1.468444683252464467e+00	-1.718404755716024823e+01	0.000000000000000000e+00
-1.672686063326284556e+00	-1.714275112530090084e+01	0.000000000000000000e+00
-1.875516945803134661e+00	-1.710040496813892119e+01	0.000000000000000000e+00
-2.076728535334746883e+00	-1.705706912135608633e+01	0.000000000000000000e+00
-2.276116656474147515e+00	-1.701280669376044941e+01	0.000000000000000000e+00
-2.473482442317647134e+00	-1.696768361262954983e+01	0.000000000000000000e+00
-2.668633033399710808e+00	-1.692176834411059616e+01	0.000000000000000000e+00
-2.861382286323487456e+00	-1.687513158815204406e+01	0.000000000000000000e+00
-3.051551491596582455e+00	-1.682784594744944329e+01	0.000000000000000000e+00
-3.238970100128083285e+00	-1.677998556989667733e+01	0.000000000000000000e+00
-3.423476457834770059e+00	-1.673162576404096669e+01	0.000000000000000000e+00
-3.604918547789838890e+00	-1.668284258704909462e+01	0.000000000000000000e+00
-3.783154739336503258e+00	-1.663371240470092260e+01	0.000000000000000000e+00
-3.958054543578160001e+00	-1.658431142293457228e+01	0.000000000000000000e+00
-4.129499374644113097e+00	-1.653471519047689853e+01	0.000000000000000000e+00
-4.297383316120430230e+00	-1.648499807210183121e+01	0.000000000000000000e+00
-4.461613892022254113e+00	-1.643523269206856696e+01	0.000000000000000000e+00
-4.622112841673703620e+00	-1.638548934730113160e+01	0.000000000000000000e+00
-4.778816897851958956e+00	-1.633583538988014894e+01	0.000000000000000000e+00
-4.931678567538420488e+00	-1.628633457842795451e+01	0.000000000000000000e+00
-5.080666914611136065e+00	-1.623704639797803750e+01	0.000000000000000000e+00
-5.225768343802449145e+00	-1.618802534792963499e+01	0.000000000000000000e+00
-5.366987385233708885e+00	-1.613932019769913140e+01	0.000000000000000000e+00
-5.504347478828597318e+00	-1.609097320969079803e+01	0.000000000000000000e+00
-5.637891757899927470e+00	-1.604301932921847396e+01	0.000000000000000000e+00
-5.767683831187099486e+00	-1.599548534102355646e+01	0.000000000000000000e+00
-5.893808562622575131e+00	-1.594838899204193261e+01	0.000000000000000000e+00
-6.016372848083561209e+00	-1.590173808008780298e+01	0.000000000000000000e+00
-6.135506388384221133e+00	-1.585552950813073991e+01	0.000000000000000000e+00
-6.251362457752320800e+00	-1.580974830385473950e+01	0.000000000000000000e+00
-6.364118667020764342e+00	-1.576436660420076485e+01	0.000000000000000000e+00
-6.473977720761271648e+00	-1.571934260460453103e+01	0.000000000000000000e+00
-6.581168167572717387e+00	-1.567461947265492306e+01	0.000000000000000000e+00
-6.685945142732638402e+00	-1.563012422590905715e+01	0.000000000000000000e+00
-6.788591102406227762e+00	-1.558576657361467532e+01	0.000000000000000000e+00
-6.889416548604892832e+00	-1.554143772209967445e+01	0.000000000000000000e+00
-6.988760744070249054e+00	-1.549700914360567339e+01	0.000000000000000000e+00
-7.086992416259460192e+00	-1.545233130835080715e+01	0.000000000000000000e+00
-7.184510449591888559e+00	-1.540723237962304992e+01	0.000000000000000000e+00
-7.281395616655616188e+00	-1.536168213034459384e+01	0.000000000000000000e+00
-7.377992008084003572e+00	-1.531552264627781490e+01	0.000000000000000000e+00
-7.474295792924049664e+00	-1.526875575807923546e+01	0.000000000000000000e+00
-7.570303151827366683e+00	-1.522138332049464537e+01	0.000000000000000000e+00
-7.666010277201634082e+00	-1.517340721228554301e+01	0.000000000000000000e+00
-7.761413373361591539e+00	-1.512482933615463310e+01	0.000000000000000000e+00
-7.856508656679600300e+00	-1.507565161867036885e+01	0.000000000000000000e+00
-7.951292355735711581e+00	-1.502587601019051533e+01	0.000000000000000000e+00
-8.045760711467160320e+00	-1.497550448478486018e+01	0.000000000000000000e+00
-8.139909977317538292e+00	-1.492453904015686561e+01	0.000000000000000000e+00
-8.233736419385358829e+00	-1.487298169756445176e+01	0.000000000000000000e+00
-8.327236316572093955e+00	-1.482083450173986705e+01	0.000000000000000000e+00
-8.420405960729782535e+00	-1.476809952080857080e+01	0.000000000000000000e+00
-8.513241656808132163e+00	-1.471477884620719578e+01	0.000000000000000000e+00
-8.605739723000979779e+00	-1.466087459260064030e+01	0.000000000000000000e+00
-8.697896490892381038e+00	-1.460638889779818328e+01	0.000000000000000000e+00
-8.789708305602067284e+00	-1.455132392266868813e+01	0.000000000000000000e+00
-8.881171525930382060e+00	-1.449568185105493434e+01	0.000000000000000000e+00
-8.972282524502725565e+00	-1.443946488968697928e+01	0.000000000000000000e+00
-9.063037687913395146e+00	-1.438267526809464769e+01	0.000000000000000000e+00
-9.153433416868868022e+00	-1.432531523851912603e+01	0.000000000000000000e+00
-9.243466126330593724e+00	-1.426738707582362053e+01	0.000000000000000000e+00
-9.333132245657139947e+00	-1.420889307740314145e+01	0.000000000000000000e+00
-9.422428218745801942e+00	-1.414983556309340429e+01	0.000000000000000000e+00
-9.511350504173661236e+00	-1.409021687507880216e+01	0.000000000000000000e+00
-9.599895575338013742e+00	-1.403003937779953780e+01	0.000000000000000000e+00
-9.688059920596243657e+00	-1.396930545785783551e+01	0.000000000000000000e+00
-9.775840043405073843e+00	-1.390801752392330926e+01	0.000000000000000000e+00
-9.863232462459267325e+00	-1.384617800663741605e+01	0.000000000000000000e+00
-9.950233711829676864e+00	-1.378378935851706188e+01	0.000000000000000000e+00
-1.003684034110068524e+01	-1.372085405385735690e+01	0.000000000000000000e+00
-1.012304891550708419e+01	-1.365737458863345566e+01	0.000000000000000000e+00
-1.020885601607026416e+01	-1.359335348040158920e+01	0.000000000000000000e+00
-1.029425823973382137e+01	-1.352879326819921246e+01	0.000000000000000000e+00
-1.037925219949852362e+01	-1.346369651244430798e+01	0.000000000000000000e+00
-1.046383452455661889e+01	-1.339806579483385640e+01	0.000000000000000000e+00
-1.054800186042554166e+01	-1.333190371824141707e+01	0.000000000000000000e+00
-1.063175086908094258e+01	-1.326521290661392527e+01	0.000000000000000000e+00
-1.071507822908906959e+01	-1.319799600486761193e+01	0.000000000000000000e+00
-1.079798063573848310e+01	-1.313025567878313460e+01	0.000000000000000000e+00
-1.088045480117114394e+01	-1.306199461489981672e+01	0.000000000000000000e+00
-1.096249745451279267e+01	-1.299321552040912486e+01	0.000000000000000000e+00
-1.104410534200265914e+01	-1.292392112304730745e+01	0.000000000000000000e+00
-1.112527522712253258e+01	-1.285411417098718800e+01	0.000000000000000000e+00
-1.120600389072508918e+01	-1.278379743272921765e+01	0.000000000000000000e+00
-1.128628813116160501e+01	-1.271297369699161806e+01	0.000000000000000000e+00
-1.136612476440885899e+01	-1.264164577259985123e+01	0.000000000000000000e+00
-1.144551062419550469e+01	-1.256981648837514953e+01	0.000000000000000000e+00
-1.152444256212755036e+01	-1.249748869302240983e+01	0.000000000000000000e+00
-1.160291744781329193e+01	-1.242466525501713015e+01	0.000000000000000000e+00
-1.168093216898739684e+01	-1.235134906249173170e+01	0.000000000000000000e+00
-1.175848363163441590e+01	-1.227754302312093415e+01	0.000000000000000000e+00
-1.183556876011142123e+01	-1.220325006400649492e+01	0.000000000000000000e+00
-1.191218449727002238e+01	-1.212847313156111007e+01	0.000000000000000000e+00
-1.198832780457757430e+01	-1.205321519139155662e+01	0.000000000000000000e+00
-1.206399566223773334e+01	-1.197747922818107469e+01	0.000000000000000000e+00
-1.213918506931017127e+01	-1.190126824557101415e+01	0.000000000000000000e+00
-1.221389304382963203e+01	-1.182458526604168370e+01	0.000000000000000000e+00
-1.228811662292416429e+01	-1.174743333079251251e+01	0.000000000000000000e+00
-1.236185286293265406e+01	-1.166981549962139475e+01	0.000000000000000000e+00
-1.243509883952153494e+01	-1.159173485080340349e+01	0.000000000000000000e+00
-1.250785164780079128e+01	-1.151319448096865372e+01	0.000000000000000000e+00
-1.258010840243914608e+01	-1.143419750497952414e+01	0.000000000000000000e+00
-1.265186623777852937e+01	-1.135474705580708843e+01	0.000000000000000000e+00
-1.272312230794768162e+01	-1.127484628440689995e+01	0.000000000000000000e+00
-1.279387378697504296e+01	-1.119449835959400552e+01	0.000000000000000000e+00
-1.286411786890081466e+01	-1.111370646791729655e+01	0.000000000000000000e+00
-1.293385176788827629e+01	-1.103247381353308754e+01	0.000000000000000000e+00
-1.300307271833422007e+01	-1.095080361807809766e+01	0.000000000000000000e+00
-1.307177797497867466e+01	-1.086869912054163123e+01	0.000000000000000000e+00
-1.313996481301376917e+01	-1.078616357713714713e+01	0.000000000000000000e+00
-1.320763052819177652e+01	-1.070320026117313361e+01	0.000000000000000000e+00
-1.327477243693239295e+01	-1.061981246292325309e+01	0.000000000000000000e+00
-1.334138787642915247e+01	-1.053600348949587406e+01	0.000000000000000000e+00
-1.340747420475501883e+01	-1.045177666470293509e+01	0.000000000000000000e+00
-1.347302880096720124e+01	-1.036713532892805922e+01	0.000000000000000000e+00
-1.353804906521105522e+01	-1.028208283899415321e+01	0.000000000000000000e+00
-1.360253241882320552e+01	-1.019662256803024469e+01	0.000000000000000000e+00
-1.366647630443384998e+01	-1.011075790533766572e+01	0.000000000000000000e+00
-1.372987818606812027e+01	-1.002449225625571749e+01	0.000000000000000000e+00
-1.379273554924670364e+01	-9.937829042026544712e+00	0.000000000000000000e+00
-1.385504590108556222e+01	-9.850771699659484071e+00	0.000000000000000000e+00
-1.391680677039476244e+01	-9.763323681794767950e+00	0.000000000000000000e+00
-1.397801570777652813e+01	-9.675488456566553097e+00	0.000000000000000000e+00
-1.403867028572235753e+01	-9.587269507465412843e+00	0.000000000000000000e+00
-1.409876809870930003e+01	-9.498670333200164961e+00	0.000000000000000000e+00
-1.415830676329534832e+01	-9.409694447559132868e+00	0.000000000000000000e+00
-1.421728391821398674e+01	-9.320345379270767339e+00	0.000000000000000000e+00
-1.427569722446781775e+01	-9.230626671863715771e+00	0.000000000000000000e+00
-1.433354436542133570e+01	-9.140541883526283939e+00	0.000000000000000000e+00
-1.439082304689280356e+01	-9.050094586965315102e+00	0.000000000000000000e+00
-1.444753099724522372e+01	-8.959288369264514884e+00	0.000000000000000000e+00
-1.450366596747644010e+01	-8.868126831742186411e+00	0.000000000000000000e+00
-1.455922573130835396e+01	-8.776613589808357929e+00	0.000000000000000000e+00
-1.461420808527516968e+01	-8.684752272821480545e+00	0.000000000000000000e+00
-1.466861084881082533e+01	-8.592546523944418979e+00	0.000000000000000000e+00
-1.472243186433545858e+01	-8.499999999999998224e+00	0.000000000000000000e+00
-1.477566899734095074e+01	-8.407116371325988879e+00	0.000000000000000000e+00
-1.482832013647562519e+01	-8.313899321629502737e+00	0.000000000000000000e+00
-1.488038319362795114e+01	-8.220352547840926505e+00	0.000000000000000000e+00
-1.493185610400935914e+01	-8.126479759967315530e+00	0.000000000000000000e+00
-1.498273682623613823e+01	-8.032284680945229738e+00	0.000000000000000000e+00
-1.503302334241039873e+01	-7.937771046493093507e+00	0.000000000000000000e+00
-1.508271365820009002e+01	-7.842942604963041298e+00	0.000000000000000000e+00
-1.513180580291808752e+01	-7.747803117192287203e+00	0.000000000000000000e+00
-1.518029782960038432e+01	-7.652356356353895883e+00	0.000000000000000000e+00
-1.522818781508326325e+01	-7.556606107807235517e+00	0.000000000000000000e+00
-1.527547386007958963e+01	-7.460556168947808153e+00	0.000000000000000000e+00
-1.532215408925414835e+01	-7.364210349056603988e+00	0.000000000000000000e+00
-1.536822665129798615e+01	-7.267572469149122583e+00	0.000000000000000000e+00
-1.541368971900186402e+01	-7.170646361823754589e+00	0.000000000000000000e+00
-1.545854148932870764e+01	-7.073435871109811757e+00	0.000000000000000000e+00
-1.550278018348510933e+01	-6.975944852315092426e+00	0.000000000000000000e+00
-1.554640404699189205e+01	-6.878177171872946083e+00	0.000000000000000000e+00
-1.558941134975368215e+01	-6.780136707188953338e+00	0.000000000000000000e+00
-1.563180038612751410e+01	-6.681827346487166253e+00	0.000000000000000000e+00
-1.567356947499049014e+01	-6.583252988655860172e+00	0.000000000000000000e+00
-1.571471695980644334e+01	-6.484417543092960479e+00	0.000000000000000000e+00
-1.575524120869163980e+01	-6.385324929550947104e+00	0.000000000000000000e+00
-1.579514061447949302e+01	-6.285979077981440177e+00	0.000000000000000000e+00
-1.583441359478431743e+01	-6.186383928379290964e+00	0.000000000000000000e+00
-1.587305859206406033e+01	-6.086543430626393025e+00	0.000000000000000000e+00
-1.591107407368209081e+01	-5.986461544334982676e+00	0.000000000000000000e+00
-1.594845853196797414e+01	-5.886142238690627693e+00	0.000000000000000000e+00
-1.598521048427728353e+01	-5.785589492294767489e+00	0.000000000000000000e+00
-1.602132847305037444e+01	-5.684807293006982398e+00	0.000000000000000000e+00
-1.605681106587021034e+01	-5.583799637786798442e+00	0.000000000000000000e+00
-1.609165685551915459e+01	-5.482570532535208763e+00	0.000000000000000000e+00
-1.612586446003480134e+01	-5.381123991935744755e+00	0.000000000000000000e+00
-1.615943252276476372e+01	-5.279464039295319822e+00	0.000000000000000000e+00
-1.619235971242048677e+01	-5.177594706384614831e+00	0.000000000000000000e+00
-1.622464472313004435e+01	-5.075520033278208665e+00	0.000000000000000000e+00
-1.625628627448993413e+01	-4.973244068194338396e+00	0.000000000000000000e+00
-1.628728311161584230e+01	-4.870770867334385024e+00	0.000000000000000000e+00
-1.631763400519243845e+01	-4.768104494721920439e+00	0.000000000000000000e+00
-1.634733775152209034e+01	-4.665249022041660254e+00	0.000000000000000000e+00
-1.637639317257264082e+01	-4.562208528477869507e+00	0.000000000000000000e+00
-1.640479911602410823e+01	-4.458987100552617378e+00	0.000000000000000000e+00
-1.643255445531439207e+01	-4.355588831963725482e+00	0.000000000000000000e+00
-1.645965808968393418e+01	-4.252017823422453269e+00	0.000000000000000000e+00
-1.648610894421941353e+01	-4.148278182490733101e+00	0.000000000000000000e+00
-1.651190596989632908e+01	-4.044374023418447095e+00	0.000000000000000000e+00
-1.653704814362064823e+01	-3.940309466980088438e+00	0.000000000000000000e+00
-1.656153446826934328e+01	-3.836088640311448028e+00	0.000000000000000000e+00
-1.658536397272996155e+01	-3.731715676745889887e+00	0.000000000000000000e+00
-1.660853571193913680e+01	-3.627194715650425394e+00	0.000000000000000000e+00
-1.663104876692005618e+01	-3.522529902261563262e+00	0.000000000000000000e+00
-1.665290224481891457e+01	-3.417725387520943237e+00	0.000000000000000000e+00
-1.667409527894033516e+01	-3.312785327910583000e+00	0.000000000000000000e+00
-1.669462702878172067e+01	-3.207713885288209443e+00	0.000000000000000000e+00
-1.671449668006660616e+01	-3.102515226722080133e+00	0.000000000000000000e+00
-1.673370344477694260e+01	-2.997193524325758140e+00	0.000000000000000000e+00
-1.675224656118434652e+01	-2.891752955092670607e+00	0.000000000000000000e+00
-1.677012529388032291e+01	-2.786197700730408400e+00	0.000000000000000000e+00
-1.678733893380541531e+01	-2.680531947494902756e+00	0.000000000000000000e+00
-1.680388679827733966e+01	-2.574759886024430955e+00	0.000000000000000000e+00
-1.681976823101805252e+01	-2.468885711173337327e+00	0.000000000000000000e+00
-1.683498260217977816e+01	-2.362913621845765366e+00	0.000000000000000000e+00
-1.684952930836998419e+01	-2.256847820829076756e+00	0.000000000000000000e+00
-1.686340777267533042e+01	-2.150692514627166929e+00	0.000000000000000000e+00
-1.687661744468451985e+01	-2.044451913293658052e+00	0.000000000000000000e+00
-1.688915780051015858e+01	-1.938130230264932585e+00	0.000000000000000000e+00
-1.690102834280951072e+01	-1.831731682192984989e+00	0.000000000000000000e+00
-1.691222860080422663e+01	-1.725260488778297185e+00	0.000000000000000000e+00
-1.692275813029901599e+01	-1.618720872602360084e+00	0.000000000000000000e+00
-1.693261651369926923e+01	-1.512117058960306570e+00	0.000000000000000000e+00
-1.694180336002761678e+01	-1.405453275693279602e+00	0.000000000000000000e+00
-1.695031830493942593e+01	-1.298733753020793413e+00	0.000000000000000000e+00
-1.695816101073726401e+01	-1.191962723372916422e+00	0.000000000000000000e+00
-1.696533116638427430e+01	-1.085144421222518973e+00	0.000000000000000000e+00
-1.697182848751653950e+01	-9.782830829172093345e-01	0.000000000000000000e+00
-1.697765271645432961e+01	-8.713829465114205641e-01	0.000000000000000000e+00
-1.698280362221233375e+01	-7.644482515982794490e-01	0.000000000000000000e+00
-1.698728100050882261e+01	-6.574832391414665578e-01	0.000000000000000000e+00
-1.699108467377375220e+01	-5.504921513070600847e-01	0.000000000000000000e+00
-1.699421449115579819e+01	-4.434792312952565152e-01	0.000000000000000000e+00
-1.699667032852834581e+01	-3.364487231721103866e-01	0.000000000000000000e+00
-1.699845208849440326e+01	-2.294048717012475425e-01	0.000000000000000000e+00
-1.699955970039047770e+01	-1.223519221753923275e-01	0.000000000000000000e+00
-1.699999312028936771e+01	-1.529412024817517098e-02	0.000000000000000000e+00
-1.699975233100190763e+01	9.176428823436794113e-02	0.000000000000000000e+00
-1.699883734207765684e+01	1.988190574021454493e-01	0.000000000000000000e+00
-1.699724818980449825e+01	3.058659415293761286e-01	0.000000000000000000e+00
-1.699498493720723502e+01	4.129006952030245814e-01	0.000000000000000000e+00
-1.699204767404506100e+01	5.199190734911117717e-01	0.000000000000000000e+00
-1.698843651680800804e+01	6.269168321111112663e-01	0.000000000000000000e+00
-1.698415160871233098e+01	7.338897275982825263e-01	0.000000000000000000e+00
-1.697919311969483758e+01	8.408335174739035578e-01	0.000000000000000000e+00
-1.697356124640611696e+01	9.477439604135707851e-01	0.000000000000000000e+00
-1.696725621220278057e+01	1.054616816415421710e+00	0.000000000000000000e+00
-1.696027826713856967e+01	1.161447846968231001e+00	0.000000000000000000e+00
-1.695262768795446107e+01	1.268232815219589638e+00	0.000000000000000000e+00
-1.694430477806767854e+01	1.374967486143868989e+00	0.000000000000000000e+00
-1.693530986755967405e+01	1.481647626710185017e+00	0.000000000000000000e+00
-1.692564331316301462e+01	1.588269006050325505e+00	0.000000000000000000e+00
-1.691530549824725682e+01	1.694827395626480104e+00	0.000000000000000000e+00
-1.690429683280373396e+01	1.801318569398997926e+00	0.000000000000000000e+00
-1.689261775342928473e+01	1.907738303993955942e+00	0.000000000000000000e+00
-1.688026872330895856e+01	2.014082378870673207e+00	0.000000000000000000e+00
-1.686725023219763386e+01	2.120346576489064105e+00	0.000000000000000000e+00
-1.685356279640059540e+01	2.226526682476953845e+00	0.000000000000000000e+00
-1.683920695875305640e+01	2.332618485797161245e+00	0.000000000000000000e+00
-1.682418328859864332e+01	2.438617778914556222e+00	0.000000000000000000e+00
-1.680849238176679705e+01	2.544520357962890778e+00	0.000000000000000000e+00
-1.679213486054915094e+01	2.650322022911558939e+00	0.000000000000000000e+00
-1.677511137367485006e+01	2.756018577732138652e+00	0.000000000000000000e+00
-1.675742259628484021e+01	2.861605830564765363e+00	0.000000000000000000e+00
-1.673906922990505564e+01	2.967079593884505595e+00	0.000000000000000000e+00
-1.672005200241862966e+01	3.072435684667267353e+00	0.000000000000000000e+00
-1.670037166803701467e+01	3.177669924555824199e+00	0.000000000000000000e+00
-1.668002900727006477e+01	3.282778140025485847e+00	0.000000000000000000e+00
-1.665902482689509867e+01	3.387756162549599992e+00	0.000000000000000000e+00
-1.663735995992487915e+01	3.492599828764869407e+00	0.000000000000000000e+00
-1.661503526557460120e+01	3.597304980636522487e+00	0.000000000000000000e+00
-1.659205162922780374e+01	3.701867465623120523e+00	0.000000000000000000e+00
-1.656840996240125108e+01	3.806283136841365877e+00	0.000000000000000000e+00
-1.654411120270878399e+01	3.910547853230494475e+00	0.000000000000000000e+00
-1.651915631382415484e+01	4.014657479716489341e+00	0.000000000000000000e+00
-1.649354628544277901e+01	4.118607887376109389e+00	0.000000000000000000e+00
-1.646728213324250234e+01	4.222394953600654866e+00	0.000000000000000000e+00
-1.644036489884332042e+01	4.326014562259411278e+00	0.000000000000000000e+00
-1.641279564976605343e+01	4.429462603862971193e+00	0.000000000000000000e+00
-1.638457547939002623e+01	4.532734975726144810e+00	0.000000000000000000e+00
-1.635570550690970393e+01	4.635827582130684021e+00	0.000000000000000000e+00
-1.632618687729028650e+01	4.738736334487756885e+00	0.000000000000000000e+00
-1.629602076122232646e+01	4.841457151500037526e+00	0.000000000000000000e+00
-1.626520835507528773e+01	4.943985959323623725e+00	0.000000000000000000e+00
-1.623375088085008144e+01	5.046318691729568151e+00	0.000000000000000000e+00
-1.620164958613063533e+01	5.148451290265161795e+00	0.000000000000000000e+00
-1.616890574403439729e+01	5.250379704414861237e+00	0.000000000000000000e+00
-1.613552065316183715e+01	5.352099891760975225e+00	0.000000000000000000e+00
-1.610149563754496072e+01	5.453607818143929364e+00	0.000000000000000000e+00
-1.606683204659479003e+01	5.554899457822313202e+00	0.000000000000000000e+00
-1.603153125504784882e+01	5.655970793632507210e+00	0.000000000000000000e+00
-1.599559466291164966e+01	5.756817817147974026e+00	0.000000000000000000e+00
-1.595902369540913490e+01	5.857436528838341872e+00	0.000000000000000000e+00
-1.592181980292221688e+01	5.957822938227849363e+00	0.000000000000000000e+00
-1.588398446093419736e+01	6.057973064053767231e+00	0.000000000000000000e+00
-1.584551916997128096e+01	6.157882934424187660e+00	0.000000000000000000e+00
-1.580642545554306011e+01	6.257548586975601346e+00	0.000000000000000000e+00
-1.576670486808200344e+01	6.356966069030039357e+00	0.000000000000000000e+00
-1.572635898288197787e+01	6.456131437751815305e+00	0.000000000000000000e+00
-1.568538940003578830e+01	6.555040760303855407e+00	0.000000000000000000e+00
-1.564379774437166937e+01	6.653690114003799394e+00	0.000000000000000000e+00
-1.560158566538891023e+01	6.752075586479411307e+00	0.000000000000000000e+00
-1.555875483719238872e+01	6.850193275823862393e+00	0.000000000000000000e+00
-1.551530695842618712e+01	6.948039290750448238e+00	0.000000000000000000e+00
-1.547124375220623804e+01	7.045609750746875122e+00	0.000000000000000000e+00
-1.542656696605197908e+01	7.142900786229206211e+00	0.000000000000000000e+00
-1.538127837181704649e+01	7.239908538695300599e+00	0.000000000000000000e+00
-1.533537976561902383e+01	7.336629160877808253e+00	0.000000000000000000e+00
-1.528887296776814964e+01	7.433058816896874532e+00	0.000000000000000000e+00
-1.524175982269520091e+01	7.529193682412104849e+00	0.000000000000000000e+00
-1.519404219887830010e+01	7.625029944774348145e+00	0.000000000000000000e+00
-1.514572198876881437e+01	7.720563803176867523e+00	0.000000000000000000e+00
-1.509680110871632230e+01	7.815791468806062348e+00	0.000000000000000000e+00
-1.504728149889259115e+01	7.910709164991766684e+00	0.000000000000000000e+00
-1.499716512321463924e+01	8.005313127357007730e+00	0.000000000000000000e+00
-1.494645396926685699e+01	8.099599603967284622e+00	0.000000000000000000e+00
-1.489515004822216504e+01	8.193564855479404940e+00	0.000000000000000000e+00
-1.484325539476225408e+01	8.287205155289761649e+00	0.000000000000000000e+00
-1.479077206699691516e+01	8.380516789682113554e+00	0.000000000000000000e+00
-1.473770214638237874e+01	8.473496057974903906e+00	0.000000000000000000e+00
-1.468404773763878524e+01	8.566139272668010562e+00	0.000000000000000000e+00
-1.462981096866673347e+01	8.658442759588965032e+00	0.000000000000000000e+00
-1.457499399046283095e+01	8.750402858038730969e+00	0.000000000000000000e+00
-1.451959897703445712e+01	8.842015920936804108e+00	0.000000000000000000e+00
-1.446362812531349107e+01	8.933278314965928502e+00	0.000000000000000000e+00
-1.440708365506921496e+01	9.024186420716132417e+00	0.000000000000000000e+00
-1.434996780882025469e+01	9.114736632828314811e+00	0.000000000000000000e+00
-1.429228285174565904e+01	9.204925360137199419e+00	0.000000000000000000e+00
-1.423403107159504444e+01	9.294749025813811016e+00	0.000000000000000000e+00
-1.417521477859791368e+01	9.384204067507232239e+00	0.000000000000000000e+00
-1.411583630537196576e+01	9.473286937485994486e+00	0.000000000000000000e+00
-1.405589800683063650e+01	9.561994102778694327e+00	0.000000000000000000e+00
-1.399540226008967991e+01	9.650322045314169372e+00	0.000000000000000000e+00
-1.393435146437290761e+01	9.738267262060977814e+00	0.000000000000000000e+00
-1.387274804091701164e+01	9.825826265166366369e+00	0.000000000000000000e+00
-1.381059443287556832e+01	9.912995582094564995e+00	0.000000000000000000e+00
-1.374789310522213803e+01	9.999771755764507830e+00	0.000000000000000000e+00
-1.368464654465251762e+01	1.008615134468692709e+01	0.000000000000000000e+00
-1.362085725948605308e+01	1.017213092310092648e+01	0.000000000000000000e+00
-1.355652777956625776e+01	1.025770708110971441e+01	0.000000000000000000e+00
-1.349166065616041621e+01	1.034287642481592684e+01	0.000000000000000000e+00
-1.342625846185841532e+01	1.042763557645621297e+01	0.000000000000000000e+00
-1.336032379047073881e+01	1.051198117453516012e+01	0.000000000000000000e+00
-1.329385925692555581e+01	1.059590987395866257e+01	0.000000000000000000e+00
-1.322686749716508281e+01	1.067941834616651242e+01	0.000000000000000000e+00
-1.315935116804095095e+01	1.076250327926450545e+01	0.000000000000000000e+00
-1.309131294720891781e+01	1.084516137815570502e+01	0.000000000000000000e+00
-1.302275553302262701e+01	1.092738936467116773e+01	0.000000000000000000e+00
-1.295368164442662895e+01	1.100918397769992119e+01	0.000000000000000000e+00
-1.288409402084850264e+01	1.109054197331834146e+01	0.000000000000000000e+00
-1.281399542209026521e+01	1.117146012491875418e+01	0.000000000000000000e+00
-1.274338862821887552e+01	1.125193522333744411e+01	0.000000000000000000e+00
-1.267227643945598636e+01	1.133196407698191877e+01	0.000000000000000000e+00
-1.260066167606692744e+01	1.141154351195745065e+01	0.000000000000000000e+00
-1.252854717824879671e+01	1.149067037219300325e+01	0.000000000000000000e+00
-1.245593580601787131e+01	1.156934151956635404e+01	0.000000000000000000e+00
-1.238283043909616055e+01	1.164755383402856914e+01	0.000000000000000000e+00
-1.230923397679717013e+01	1.172530421372776743e+01	0.000000000000000000e+00
-1.223514933791096482e+01	1.180258957513209772e+01	0.000000000000000000e+00
-1.216057946058839612e+01	1.187940685315204092e+01	0.000000000000000000e+00
-1.208552730222455018e+01	1.195575300126198748e+01	0.000000000000000000e+00
-1.200999583934150472e+01	1.203162499162103138e+01	0.000000000000000000e+00
-1.193398806747023499e+01	1.210701981519308568e+01	0.000000000000000000e+00
-1.185750700103185196e+01	1.218193448186619676e+01	0.000000000000000000e+00
-1.178055567321802677e+01	1.225636602057112867e+01	0.000000000000000000e+00
-1.170313713587068882e+01	1.233031147939922967e+01	0.000000000000000000e+00
-1.162525445936104873e+01	1.240376792571942843e+01	0.000000000000000000e+00
-1.154691073246776334e+01	1.247673244629461209e+01	0.000000000000000000e+00
-1.146810906225446303e+01	1.254920214739714268e+01	0.000000000000000000e+00
-1.138885257394652761e+01	1.262117415492360273e+01	0.000000000000000000e+00
-1.130914441080713573e+01	1.269264561450881068e+01	0.000000000000000000e+00
-1.122898773401260364e+01	1.276361369163899795e+01	0.000000000000000000e+00
-1.114838572252706328e+01	1.283407557176420610e+01	0.000000000000000000e+00
-1.106734157297627874e+01	1.290402846040998774e+01	0.000000000000000000e+00
-1.098585849952100268e+01	1.297346958328812505e+01	0.000000000000000000e+00
-1.090393973372938952e+01	1.304239618640675324e+01	0.000000000000000000e+00
-1.082158852444888453e+01	1.311080553617954614e+01	0.000000000000000000e+00
-1.073880813767739717e+01	1.317869491953409167e+01	0.000000000000000000e+00
-1.065560185643374069e+01	1.324606164401954622e+01	0.000000000000000000e+00
-1.057197298062743585e+01	1.331290303791338658e+01	0.000000000000000000e+00
-1.048792482692786621e+01	1.337921645032735363e+01	0.000000000000000000e+00
-1.040346072863265015e+01	1.344499925131266771e+01	0.000000000000000000e+00
-1.031858403553557402e+01	1.351024883196421200e+01	0.000000000000000000e+00
-1.023329811379367271e+01	1.357496260452406744e+01	0.000000000000000000e+00
-1.014760634579368315e+01	1.363913800248416486e+01	0.000000000000000000e+00
-1.006151213001803058e+01	1.370277248068798670e+01	0.000000000000000000e+00
-9.975018880909939156e+00	1.376586351543157782e+01	0.000000000000000000e+00
-9.888130028737991850e+00	1.382840860456365206e+01	0.000000000000000000e+00
-9.800849019460212475e+00	1.389040526758473604e+01	0.000000000000000000e+00
-9.713179314587325308e+00	1.395185104574561130e+01	0.000000000000000000e+00
-9.625124391045430272e+00	1.401274350214483810e+01	0.000000000000000000e+00
-9.536687741038242905e+00	1.407308022182531637e+01	0.000000000000000000e+00
-9.447872871908446157e+00	1.413285881187017523e+01	0.000000000000000000e+00
-9.358683305998651392e+00	1.419207690149761447e+01	0.000000000000000000e+00
-9.269122580511806930e+00	1.425073214215487738e+01	0.000000000000000000e+00
-9.179194247370691784e+00	1.430882220761152723e+01	0.000000000000000000e+00
-9.088901873077245952e+00	1.436634479405157983e+01	0.000000000000000000e+00
-8.998249038571090708e+00	1.442329762016489880e+01	0.000000000000000000e+00
-8.907239339087405838e+00	1.447967842723773124e+01	0.000000000000000000e+00
-8.815876384014432077e+00	1.453548497924223604e+01	0.000000000000000000e+00
-8.724163796750342925e+00	1.459071506292514364e+01	0.000000000000000000e+00
-8.632105214559453898e+00	1.464536648789559869e+01	0.000000000000000000e+00
-8.539704288428072942e+00	1.469943708671196703e+01	0.000000000000000000e+00
-8.446964682919634981e+00	1.475292471496782198e+01	0.000000000000000000e+00
-8.353890076029401257e+00	1.480582725137698930e+01	0.000000000000000000e+00
-8.260484159038549379e+00	1.485814259785768776e+01	0.000000000000000000e+00
-8.166750636367854810e+00	1.490986867961570006e+01	0.000000000000000000e+00
-8.072693225430679576e+00	1.496100344522671399e+01	0.000000000000000000e+00
-7.978315656485638563e+00	1.501154486671762101e+01	0.000000000000000000e+00
-7.883621672488593468e+00	1.506149093964698338e+01	0.000000000000000000e+00
-7.788615028944250618e+00	1.511083968318451021e+01	0.000000000000000000e+00
-7.693299493757157492e+00	1.515958914018964698e+01	0.000000000000000000e+00
-7.597678847082367071e+00	1.520773737728914021e+01	0.000000000000000000e+00
-7.501756881175406733e+00	1.525528248495377603e+01	0.000000000000000000e+00
-7.405537400241985146e+00	1.530222257757405657e+01	0.000000000000000000e+00
-7.309024220287067664e+00	1.534855579353500765e+01	0.000000000000000000e+00
-7.212221168963501405e+00	1.539428029529002551e+01	0.000000000000000000e+00
-7.115132085420293961e+00	1.543939426943371451e+01	0.000000000000000000e+00
-7.017760820150311218e+00	1.548389592677382964e+01	0.000000000000000000e+00
-6.920111234837545311e+00	1.552778350240224015e+01	0.000000000000000000e+00
-6.822187202203975787e+00	1.557105525576491978e+01	0.000000000000000000e+00
-6.723992605856073723e+00	1.561370947073093163e+01	0.000000000000000000e+00
-6.625531340130617508e+00	1.565574445566057982e+01	0.000000000000000000e+00
-6.526807309940328317e+00	1.569715854347242967e+01	0.000000000000000000e+00
-6.427824430619084595e+00	1.573795009170941661e+01	0.000000000000000000e+00
-6.328586627766478401e+00	1.577811748260404201e+01	0.000000000000000000e+00
-6.229097837092210099e+00	1.581765912314249967e+01	0.000000000000000000e+00
-6.129362004260087815e+00	1.585657344512781997e+01	0.000000000000000000e+00
-6.029383084731370523e+00	1.589485890524213474e+01	0.000000000000000000e+00
-5.929165043608003671e+00	1.593251398510783901e+01	0.000000000000000000e+00
-5.828711855475368964e+00	1.596953719134780947e+01	0.000000000000000000e+00
-5.728027504244638912e+00	1.600592705564463358e+01	0.000000000000000000e+00
-5.627115982994724597e+00	1.604168213479887228e+01	0.000000000000000000e+00
-5.525981293814004047e+00	1.607680101078624801e+01	0.000000000000000000e+00
-5.424627447641555023e+00	1.611128229081391083e+01	0.000000000000000000e+00
-5.323058464108044952e+00	1.614512460737568134e+01	0.000000000000000000e+00
-5.221278371376397054e+00	1.617832661830626506e+01	0.000000000000000000e+00
-5.119291205981994608e+00	1.621088700683449346e+01	0.000000000000000000e+00
-5.017101012672551263e+00	1.624280448163555235e+01	0.000000000000000000e+00
-4.914711844247785955e+00	1.627407777688218360e+01	0.000000000000000000e+00
-4.812127761398647507e+00	1.630470565229487434e+01	0.000000000000000000e+00
-4.709352832546223944e+00	1.633468689319109401e+01	0.000000000000000000e+00
-4.606391133680484806e+00	1.636402031053340522e+01	0.000000000000000000e+00
-4.503246748198578508e+00	1.639270474097666863e+01	0.000000000000000000e+00
-4.399923766742850795e+00	1.642073904691416075e+01	0.000000000000000000e+00
-4.296426287038709546e+00	1.644812211652268630e+01	0.000000000000000000e+00
-4.192758413731999312e+00	1.647485286380669223e+01	0.000000000000000000e+00
-4.088924258226307451e+00	1.650093022864130532e+01	0.000000000000000000e+00
-3.984927938519862600e+00	1.652635317681441407e+01	0.000000000000000000e+00
-3.880773579042234633e+00	1.655112070006764569e+01	0.000000000000000000e+00
-3.776465310490710880e+00	1.657523181613639807e+01	0.000000000000000000e+00
-3.672007269666575091e+00	1.659868556878874912e+01	0.000000000000000000e+00
-3.567403599310943196e+00	1.662148102786341042e+01	0.000000000000000000e+00
-3.462658447940507145e+00	1.664361728930662210e+01	0.000000000000000000e+00
-3.357775969683053141e+00	1.666509347520796425e+01	0.000000000000000000e+00
-3.252760324112592194e+00	1.668590873383523387e+01	0.000000000000000000e+00
-3.147615676084571934e+00	1.670606223966817083e+01	0.000000000000000000e+00
-3.042346195570494238e+00	1.672555319343123514e+01	0.000000000000000000e+00
-2.936956057492699834e+00	1.674438082212528300e+01	0.000000000000000000e+00
-2.831449441558716806e+00	1.676254437905823735e+01	0.000000000000000000e+00
-2.725830532095514069e+00	1.678004314387468909e+01	0.000000000000000000e+00
-2.620103517883582978e+00	1.679687642258447156e+01	0.000000000000000000e+00
-2.514272591990690753e+00	1.681304354759019759e+01	0.000000000000000000e+00
-2.408341951605768472e+00	1.682854387771371307e+01	0.000000000000000000e+00
-2.302315797872347414e+00	1.684337679822153078e+01	0.000000000000000000e+00
-2.196198335721927020e+00	1.685754172084922331e+01	0.000000000000000000e+00
-2.089993773707244262e+00	1.687103808382474668e+01	0.000000000000000000e+00
-1.983706323835391361e+00	1.688386535189070514e+01	0.000000000000000000e+00
-1.877340201400726993e+00	1.689602301632560710e+01	0.000000000000000000e+00
-1.770899624817715345e+00	1.690751059496401609e+01	0.000000000000000000e+00
-1.664388815453640147e+00	1.691832763221568570e+01	0.000000000000000000e+00
-1.557811997461113762e+00	1.692847369908363220e+01	0.000000000000000000e+00
-1.451173397610715510e+00	1.693794839318112366e+01	0.000000000000000000e+00
-1.344477245123164577e+00	1.694675133874767425e+01	0.000000000000000000e+00
-1.237727771501696328e+00	1.695488218666391944e+01	0.000000000000000000e+00
-1.130929210364275406e+00	1.696234061446547159e+01	0.000000000000000000e+00
-1.024085797275601228e+00	1.696912632635570617e+01	0.000000000000000000e+00
-9.172017695791738756e-01	1.697523905321750703e+01	0.000000000000000000e+00
-8.102813662292733810e-01	1.698067855262391035e+01	0.000000000000000000e+00
-7.033288276228013558e-01	1.698544460884773954e+01	0.000000000000000000e+00
-5.963483954311228352e-01	1.698953703287016381e+01	0.000000000000000000e+00
-4.893443124318608839e-01	1.699295566238818367e+01	0.000000000000000000e+00
-3.823208223405695216e-01	1.699570036182106847e+01	0.000000000000000000e+00
-2.752821696425211684e-01	1.699777102231574588e+01	0.000000000000000000e+00
-1.682325994243127898e-01	1.699916756175110422e+01	0.000000000000000000e+00
-6.117635720553851741e-02	1.699988992474125027e+01	0.000000000000000000e+00
4.588231122963027514e-02	1.699993808263771911e+01	0.000000000000000000e+00
1.529391600007999896e-01	1.699931203353060027e+01	0.000000000000000000e+00
2.599899432996985449e-01	1.699801180224860886e+01	0.000000000000000000e+00
3.670304155586670003e-01	1.699603744035811559e+01	0.000000000000000000e+00
4.740563316189155829e-01	1.699338902616108626e+01	0.000000000000000000e+00
5.810634468990196755e-01	1.699006666469198379e+01	0.000000000000000000e+00
6.880475175630765827e-01	1.698607048771361150e+01	0.000000000000000000e+00
7.950043006892240083e-01	1.698140065371186225e+01	0.000000000000000000e+00
9.019295544377465834e-01	1.697605734788945853e+01	0.000000000000000000e+00
1.008819038219379127e+00	1.697004078215860190e+01	0.000000000000000000e+00
1.115668512863471573e+00	1.696335119513255307e+01	0.000000000000000000e+00
1.222473740786081065e+00	1.695598885211618878e+01	0.000000000000000000e+00
1.329230486158152758e+00	1.694795404509546799e+01	0.000000000000000000e+00
1.435934515073329365e+00	1.693924709272584650e+01	0.000000000000000000e+00
1.542581595715970755e+00	1.692986834031967192e+01	0.000000000000000000e+00
1.649167498528999687e+00	1.691981815983243820e+01	0.000000000000000000e+00
1.755687996381614102e+00	1.690909694984807743e+01	0.000000000000000000e+00
1.862138864736901711e+00	1.689770513556312181e+01	0.000000000000000000e+00
1.968515881819428159e+00	1.688564316876987448e+01	0.000000000000000000e+00
2.074814828782639786e+00	1.687291152783845050e+01	0.000000000000000000e+00
2.181031489876240848e+00	1.685951071769783738e+01	0.000000000000000000e+00
2.287161652613311169e+00	1.684544126981585066e+01	0.000000000000000000e+00
2.393201107937357630e+00	1.683070374217808762e+01	0.000000000000000000e+00
2.499145650389361428e+00	1.681529871926573705e+01	0.000000000000000000e+00
2.604991078274474514e+00	1.679922681203246171e+01	0.000000000000000000e+00
2.710733193828626320e+00	1.678248865788014399e+01	0.000000000000000000e+00
2.816367803385094071e+00	1.676508492063359057e+01	0.000000000000000000e+00
2.921890717540775562e+00	1.674701629051423168e+01	0.000000000000000000e+00
3.027297751322310493e+00	1.672828348411273325e+01	0.000000000000000000e+00
3.132584724352096561e+00	1.670888724436058581e+01	0.000000000000000000e+00
3.237747461014050199e+00	1.668882834050063124e+01	0.000000000000000000e+00
3.342781790619272719e+00	1.666810756805655558e+01	0.000000000000000000e+00
3.447683547571361640e+00	1.664672574880134803e+01	0.000000000000000000e+00
3.552448571531681587e+00	1.662468373072470129e+01	0.000000000000000000e+00
3.657072707584340776e+00	1.660198238799938508e+01	0.000000000000000000e+00
3.761551806400961429e+00	1.657862262094657879e+01	0.000000000000000000e+00
3.865881724405280995e+00	1.655460535600015959e+01	0.000000000000000000e+00
3.970058323937454503e+00	1.652993154566996026e+01	0.000000000000000000e+00
4.074077473418125095e+00	1.650460216850400030e+01	0.000000000000000000e+00
4.177935047512292499e+00	1.647861822904967966e+01	0.000000000000000000e+00
4.281626927293022078e+00	1.645198075781391367e+01	0.000000000000000000e+00
4.385149000404627628e+00	1.642469081122230179e+01	0.000000000000000000e+00
4.488497161225876830e+00	1.639674947157720197e+01	0.000000000000000000e+00
4.591667311032793464e+00	1.636815784701482102e+01	0.000000000000000000e+00
4.694655358161204717e+00	1.633891707146126393e+01	0.000000000000000000e+00
4.797457218169022042e+00	1.630902830458755304e+01	0.000000000000000000e+00
4.900068813998201378e+00	1.627849273176365941e+01	0.000000000000000000e+00
5.002486076136507975e+00	1.624731156401145427e+01	0.000000000000000000e+00
5.104704942778798937e+00	1.621548603795673316e+01	0.000000000000000000e+00
5.206721359988218722e+00	1.618301741578011388e+01	0.000000000000000000e+00
5.308531281856929240e+00	1.614990698516701784e+01	0.000000000000000000e+00
5.410130670666529085e+00	1.611615605925660333e+01	0.000000000000000000e+00
5.511515497048281809e+00	1.608176597658965434e+01	0.000000000000000000e+00
5.612681740142821951e+00	1.604673810105553144e+01	0.000000000000000000e+00
5.713625387759678098e+00	1.601107382183806038e+01	0.000000000000000000e+00
5.814342436536358960e+00	1.597477455336044549e+01	0.000000000000000000e+00
5.914828892097188984e+00	1.593784173522915637e+01	0.000000000000000000e+00
6.015080769211633260e+00	1.590027683217686594e+01	0.000000000000000000e+00
6.115094091952405719e+00	1.586208133400433695e+01	0.000000000000000000e+00
6.214864893853125238e+00	1.582325675552134747e+01	0.000000000000000000e+00
6.314389218065666221e+00	1.578380463648660559e+01	0.000000000000000000e+00
6.413663117517053536e+00	1.574372654154668005e+01	0.000000000000000000e+00
6.512682655065975545e+00	1.570302406017397701e+01	0.000000000000000000e+00
6.611443903658954291e+00	1.566169880660367220e+01	0.000000000000000000e+00
6.709942946486138204e+00	1.561975241976968576e+01	0.000000000000000000e+00
6.808175877136545928e+00	1.557718656323971729e+01	0.000000000000000000e+00
6.906138799753044566e+00	1.553400292514925418e+01	0.000000000000000000e+00
7.003827829186892728e+00	1.549020321813459056e+01	0.000000000000000000e+00
7.101239091151740901e+00	1.544578917926495443e+01	0.000000000000000000e+00
7.198368722377338713e+00	1.540076256997359394e+01	0.000000000000000000e+00
7.295212870762723512e+00	1.535512517598791504e+01	0.000000000000000000e+00
7.391767695529044779e+00	1.530887880725865635e+01	0.000000000000000000e+00
7.488029367371795253e+00	1.526202529788813855e+01	0.000000000000000000e+00
7.583994068612781803e+00	1.521456650605748173e+01	0.000000000000000000e+00
7.679657993351443501e+00	1.516650431395294518e+01	0.000000000000000000e+00
7.775017347615813534e+00	1.511784062769128312e+01	0.000000000000000000e+00
7.870068349513083206e+00	1.506857737724408963e+01	0.000000000000000000e+00
7.964807229379427866e+00	1.501871651636134963e+01	0.000000000000000000e+00
8.059230229929612577e+00	1.496826002249388488e+01	0.000000000000000000e+00
8.153333606405970713e+00	1.491720989671496866e+01	0.000000000000000000e+00
8.247113626726978453e+00	1.486556816364091027e+01	0.000000000000000000e+00
8.340566571635124049e+00	1.481333687135085420e+01	0.000000000000000000e+00
8.433688734844599466e+00	1.476051809130544257e+01	0.000000000000000000e+00
8.526476423188139364e+00	1.470711391826475278e+01	0.000000000000000000e+00
8.618925956763540341e+00	1.465312647020517822e+01	0.000000000000000000e+00
8.711033669079638386e+00	1.459855788823543143e+01	0.000000000000000000e+00
8.802795907201701908e+00	1.454341033651161830e+01	0.000000000000000000e+00
8.894209031896197715e+00	1.448768600215148616e+01	0.000000000000000000e+00
8.985269417775343825e+00	1.443138709514754581e+01	0.000000000000000000e+00
9.075973453440676408e+00	1.437451584827955386e+01	0.000000000000000000e+00
9.166317541626366250e+00	1.431707451702591172e+01	0.000000000000000000e+00
9.256298099341920604e+00	1.425906537947418151e+01	0.000000000000000000e+00
9.345911558014197595e+00	1.420049073623079749e+01	0.000000000000000000e+00
9.435154363628990737e+00	1.414135291032978969e+01	0.000000000000000000e+00
9.524022976871966861e+00	1.408165424714067093e+01	0.000000000000000000e+00
9.612513873269010745e+00	1.402139711427540902e+01	0.000000000000000000e+00
9.700623543326058140e+00	1.396058390149452855e+01	0.000000000000000000e+00
9.788348492668236034e+00	1.389921702061232800e+01	0.000000000000000000e+00
9.875685242178434464e+00	1.383729890540126561e+01	0.000000000000000000e+00
9.962630328135297475e+00	1.377483201149541259e+01	0.000000000000000000e+00
1.004918030235068471e+01	1.371181881629300747e+01	0.000000000000000000e+00
1.013533173230622708e+01	1.364826181885834266e+01	0.000000000000000000e+00
1.022108120128966213e+01	1.358416353982250513e+01	0.000000000000000000e+00
1.030642530853021199e+01	1.351952652128350074e+01	0.000000000000000000e+00
1.039136066933349589e+01	1.345435332670541051e+01	0.000000000000000000e+00
1.047588391521576945e+01	1.338864654081672079e+01	0.000000000000000000e+00
1.055999169403749960e+01	1.332240876950782571e+01	0.000000000000000000e+00
1.064368067013635155e+01	1.325564263972764856e+01	0.000000000000000000e+00
1.072694752445940125e+01	1.318835079937951704e+01	0.000000000000000000e+00
1.080978895469484513e+01	1.312053591721608470e+01	0.000000000000000000e+00
1.089220167540295314e+01	1.305220068273350975e+01	0.000000000000000000e+00
1.097418241814625972e+01	1.298334780606487193e+01	0.000000000000000000e+00
1.105572793161939948e+01	1.291398001787251637e+01	0.000000000000000000e+00
1.113683498177784870e+01	1.284410006923993031e+01	0.000000000000000000e+00
1.121750035196628481e+01	1.277371073156255221e+01	0.000000000000000000e+00
1.129772084304613244e+01	1.270281479643787392e+01	0.000000000000000000e+00
1.137749327352249118e+01	1.263141507555469722e+01	0.000000000000000000e+00
1.145681447967018229e+01	1.255951440058172075e+01	0.000000000000000000e+00
1.153568131565939048e+01	1.248711562305510192e+01	0.000000000000000000e+00
1.161409065368029125e+01	1.241422161426547710e+01	0.000000000000000000e+00
1.169203938406712773e+01	1.234083526514405449e+01	0.000000000000000000e+00
1.176952441542163719e+01	1.226695948614790055e+01	0.000000000000000000e+00
1.184654267473549183e+01	1.219259720714462247e+01	0.000000000000000000e+00
1.192309110751227408e+01	1.211775137729610741e+01	0.000000000000000000e+00
1.199916667788862590e+01	1.204242496494153869e+01	0.000000000000000000e+00
1.207476636875458453e+01	1.196662095747973531e+01	0.000000000000000000e+00
1.214988718187327343e+01	1.189034236125064226e+01	0.000000000000000000e+00
1.222452613799984888e+01	1.181359220141606770e+01	0.000000000000000000e+00
1.229868027699957622e+01	1.173637352183977001e+01	0.000000000000000000e+00
1.237234665796528255e+01	1.165868938496670459e+01	0.000000000000000000e+00
1.244552235933396567e+01	1.158054287170158325e+01	0.000000000000000000e+00
1.251820447900270139e+01	1.150193708128664305e+01	0.000000000000000000e+00
1.259039013444366972e+01	1.142287513117882014e+01	0.000000000000000000e+00
1.266207646281855403e+01	1.134336015692600519e+01	0.000000000000000000e+00
1.273326062109201118e+01	1.126339531204278899e+01	0.000000000000000000e+00
1.280393978614446304e+01	1.118298376788533588e+01	0.000000000000000000e+00
1.287411115488403546e+01	1.110212871352563901e+01	0.000000000000000000e+00
1.294377194435776346e+01	1.102083335562500999e+01	0.000000000000000000e+00
1.301291939186194035e+01	1.093910091830692721e+01	0.000000000000000000e+00
1.308155075505166387e+01	1.085693464302918265e+01	0.000000000000000000e+00
1.314966331204962557e+01	1.077433778845531265e+01	0.000000000000000000e+00
1.321725436155403521e+01	1.069131363032536086e+01	0.000000000000000000e+00
1.328432122294579720e+01	1.060786546132594310e+01	0.000000000000000000e+00
1.335086123639476874e+01	1.052399659095970641e+01	0.000000000000000000e+00
1.341687176296527184e+01	1.043971034541405096e+01	0.000000000000000000e+00
1.348235018472074209e+01	1.035501006742922314e+01	0.000000000000000000e+00
1.354729390482759221e+01	1.026989911616570694e+01	0.000000000000000000e+00
1.361170034765813242e+01	1.018438086707108070e+01	0.000000000000000000e+00
1.367556695889278373e+01	1.009845871174606380e+01	0.000000000000000000e+00
1.373889120562135524e+01	1.001213605781005000e+01	0.000000000000000000e+00
1.380167057644346684e+01	9.925416328765994223e+00	0.000000000000000000e+00
1.386390258156821531e+01	9.838302963864558492e+00	0.000000000000000000e+00
1.392558475291285625e+01	9.750799417967790816e+00	0.000000000000000000e+00
1.398671464420071864e+01	9.662909161412061465e+00	0.000000000000000000e+00
1.404728983105821882e+01	9.574635679870453941e+00	0.000000000000000000e+00
1.410730791111100579e+01	9.485982474214509352e+00	0.000000000000000000e+00
1.416676650407923610e+01	9.396953060375398792e+00	0.000000000000000000e+00
1.422566325187196590e+01	9.307550969204495317e+00	0.000000000000000000e+00
1.428399581868073831e+01	9.217779746333235380e+00	0.000000000000000000e+00
1.434176189107207122e+01	9.127642952032736900e+00	0.000000000000000000e+00
1.439895917807938197e+01	9.037144161072319548e+00	0.000000000000000000e+00
1.445558541129373964e+01	8.946286962577918445e+00	0.000000000000000000e+00
1.451163834495383220e+01	8.855074959889702058e+00	0.000000000000000000e+00
1.456711575603506859e+01	8.763511770419144753e+00	0.000000000000000000e+00
1.462201544433772860e+01	8.671601025505552229e+00	0.000000000000000000e+00
1.467633523257418737e+01	8.579346370272130429e+00	0.000000000000000000e+00
1.473007296645536002e+01	8.486751463481239099e+00	0.000000000000000000e+00
1.478322651477602889e+01	8.393819977389496145e+00	0.000000000000000000e+00
1.483579376949943018e+01	8.300555597602000901e+00	0.000000000000000000e+00
1.488777264584080484e+01	8.206962022926283851e+00	0.000000000000000000e+00
1.493916108235017859e+01	8.113042965225428560e+00	0.000000000000000000e+00
1.498995704099402282e+01	8.018802149271031965e+00	0.000000000000000000e+00
1.504015850723609660e+01	7.924243312595445232e+00	0.000000000000000000e+00
1.508976349011739515e+01	7.829370205343475497e+00	0.000000000000000000e+00
1.513877002233504143e+01	7.734186590123741212e+00	0.000000000000000000e+00
1.518717616032035700e+01	7.638696241859405767e+00	0.000000000000000000e+00
1.523497998431591860e+01	7.542902947638484790e+00	0.000000000000000000e+00
1.528217959845171947e+01	7.446810506563604548e+00	0.000000000000000000e+00
1.532877313082031812e+01	7.350422729601409522e+00	0.000000000000000000e+00
1.537475873355111666e+01	7.253743439431370454e+00	0.000000000000000000e+00
1.542013458288361605e+01	7.156776470294200720e+00	0.000000000000000000e+00
1.546489887923977236e+01	7.059525667839760210e+00	0.000000000000000000e+00
1.550904984729535663e+01	6.961994888974560425e+00	0.000000000000000000e+00
1.555258573605034123e+01	6.864188001708830811e+00	0.000000000000000000e+00
1.559550481889836959e+01	6.766108885003088602e+00	0.000000000000000000e+00
1.563780539369523837e+01	6.667761428614262798e+00	0.000000000000000000e+00
1.567948578282637406e+01	6.569149532941505498e+00	0.000000000000000000e+00
1.572054433327338252e+01	6.470277108871469451e+00	0.000000000000000000e+00
1.576097941667962132e+01	6.371148077623161932e+00	0.000000000000000000e+00
1.580078942941474907e+01	6.271766370592509077e+00	0.000000000000000000e+00
1.583997279263834557e+01	6.172135929196389981e+00	0.000000000000000000e+00
1.587852795236251247e+01	6.072260704716351043e+00	0.000000000000000000e+00
1.591645337951353767e+01	5.972144658141838036e+00	0.000000000000000000e+00
1.595374756999247978e+01	5.871791760013209682e+00	0.000000000000000000e+00
1.599040904473488212e+01	5.771205990264155261e+00	0.000000000000000000e+00
1.602643634976938358e+01	5.670391338063948794e+00	0.000000000000000000e+00
1.606182805627539523e+01	5.569351801659198742e+00	0.000000000000000000e+00
1.609658276063979798e+01	5.468091388215244208e+00	0.000000000000000000e+00
1.613069908451254975e+01	5.366614113657322882e+00	0.000000000000000000e+00
1.616417567486141493e+01	5.264924002511194523e+00	0.000000000000000000e+00
1.619701120402557137e+01	5.163025087743629449e+00	0.000000000000000000e+00
1.622920436976828995e+01	5.060921410602404968e+00	0.000000000000000000e+00
1.626075389532857685e+01	4.958617020456061120e+00	0.000000000000000000e+00
1.629165852947181392e+01	4.856115974633249621e+00	0.000000000000000000e+00
1.632191704653937947e+01	4.753422338261906077e+00	0.000000000000000000e+00
1.635152824649723158e+01	4.650540184107988750e+00	0.000000000000000000e+00
1.638049095498355712e+01	4.547473592413910914e+00	0.000000000000000000e+00
1.640880402335528743e+01	4.444226650736807116e+00	0.000000000000000000e+00
1.643646632873368674e+01	4.340803453786381105e+00	0.000000000000000000e+00
1.646347677404887122e+01	4.237208103262496195e+00	0.000000000000000000e+00
1.648983428808334395e+01	4.133444707692476072e+00	0.000000000000000000e+00
1.651553782551442850e+01	4.029517382268267056e+00	0.000000000000000000e+00
1.654058636695577178e+01	3.925430248683183354e+00	0.000000000000000000e+00
1.656497891899773833e+01	3.821187434968419172e+00	0.000000000000000000e+00
1.658871451424685972e+01	3.716793075329257068e+00	0.000000000000000000e+00
1.661179221136413631e+01	3.612251309981330483e+00	0.000000000000000000e+00
1.663421109510240470e+01	3.507566284986217031e+00	0.000000000000000000e+00
1.665597027634264293e+01	3.402742152087113059e+00	0.000000000000000000e+00
1.667706889212920984e+01	3.297783068544104079e+00	0.000000000000000000e+00
1.669750610570408611e+01	3.192693196969408120e+00	0.000000000000000000e+00
1.671728110654006016e+01	3.087476705162126578e+00	0.000000000000000000e+00
1.673639311037285538e+01	2.982137765943085661e+00	0.000000000000000000e+00
1.675484135923225182e+01	2.876680556989314574e+00	0.000000000000000000e+00
1.677262512147213869e+01	2.771109260668316310e+00	0.000000000000000000e+00
1.678974369179952930e+01	2.665428063872273601e+00	0.000000000000000000e+00
1.680619639130253518e+01	2.559641157851940019e+00	0.000000000000000000e+00
1.682198256747730625e+01	2.453752738050354765e+00	0.000000000000000000e+00
1.683710159425388042e+01	2.347767003936606311e+00	0.000000000000000000e+00
1.685155287202102414e+01	2.241688158839224343e+00	0.000000000000000000e+00
1.686533582765002137e+01	2.135520409779444684e+00	0.000000000000000000e+00
1.687844991451740384e+01	2.029267967304322795e+00	0.000000000000000000e+00
1.689089461252661906e+01	1.922935045319844605e+00	0.000000000000000000e+00
1.690266942812865381e+01	1.816525860923795310e+00	0.000000000000000000e+00
1.691377389434163092e+01	1.710044634238418793e+00	0.000000000000000000e+00
1.692420757076929405e+01	1.603495588243157188e+00	0.000000000000000000e+00
1.693397004361851543e+01	1.496882948607108910e+00	0.000000000000000000e+00
1.694306092571567035e+01	1.390210943521472453e+00	0.000000000000000000e+00
1.695147985652201328e+01	1.283483803531797696e+00	0.000000000000000000e+00
1.695922650214796690e+01	1.176705761370295589e+00	0.000000000000000000e+00
1.696630055536637016e+01	1.069881051787896054e+00	0.000000000000000000e+00
1.697270173562465700e+01	9.630139113864044642e-01	0.000000000000000000e+00
1.697842978905599054e+01	8.561085784502714402e-01	0.000000000000000000e+00
1.698348448848932080e+01	7.491692927787602097e-01	0.000000000000000000e+00
1.698786563345840506e+01	6.422002955176028260e-01	0.000000000000000000e+00
1.699157305020974462e+01	5.352058289909197297e-01	0.000000000000000000e+00
1.699460659170949839e+01	4.281901365329270348e-01	0.000000000000000000e+00
1.699696613764928443e+01	3.211574623196024603e-01	0.000000000000000000e+00
1.699865159445097618e+01	2.141120512004702769e-01	0.000000000000000000e+00
1.699966289527040431e+01	1.070581485301320135e-01	0.000000000000000000e+00
1.700000000000000000e+01	4.163799117101000559e-15	0.000000000000000000e+00
