0.314606589615778
0.989851129373562
2.63108715519161
4.27157683207815
4.90635591202346
5.54885488299135
6.16926413448033
7.96891566052466
9.76476559597938
10.3561579322316
11.5192168378265
12.1019926792571
12.6935561890929
13.2825358439328
13.8930307931217
14.5139555774223
15.14597207548
15.802559275197
16.4722985981883
17.1694475940713
17.8960144600639
18.6543222364871
19.4614392734658
20.3070833057292
21.1952332133798
22.1624972333309
23.3188551327428
24.3952158759124
26.0315744427381
27.0309792829618
28.0021549250316
29.254128897776
31.0738053797708
32.2554289097657
32.8228069863758
33.6481034159825
34.4698425922534
34.9841070797764
35.7893501180096
36.8414507794644
37.6566333321846
38.711329648813
39.912247815365
40.5745892111316
41.3549718367196
42.3559259102591
44.4088396307135
45
45
45
45
45
45
45
45
45
45
45
45
45
45
45
45
45
45.418012157455
47.2121054388136
48.7397682616761
50.087752184635
51.2607420472313
52.3909927534684
52.8960950505441
53.9197617545647
54.9098879998832
55.8108898677276
56.6737565479504
57.4640367705809
58.2081332624232
59.3896564195477
61.3670200483817
63.0386065916015
64.0062310129825
64.9654057039768
66.7810656827796
68.4812472130037
69.722513256952
70.9095261375011
72.0699288349907
73.187603654452
74.628180466772
76.0102750766862
77.3414937143314
78.6166805246662
79.841884726916
81.0327875944751
83.2993305168321
85.4461432001306
86.4709164242108
88.4525936997352
90.3535763326123
91.2724883823581
92.6108470466045
93.9078118416291
94.7490671409769
95.9904295794616
97.1973137822645
97.9738522334894
98.7519810002547
99.5078192824658
100.250000704128
101.695187255972
102.399007667905
103.098557753124
103.778632682638
104.4473431366
105.104982356688
105.751823866121
106.388122906311
107.014117934462
107.63003188992
108.2360732484
108.824995632869
109.411889886071
109.982065873281
110.543121328061
111.095202630727
111.64577849375
112.720820342725
114.849276773887
115.918162254086
116.990691328375
118.067269608726
119.155456970701
120.24848795434
121.353916749699
122.457916720748
123.5751824691
124.706161772663
125.837104713153
126.982730817475
128.129313845406
129.291623615065
130.4630908921
131.63711882486
132.828617113527
134.031057864674
135.237853104485
137.696116580472
140.194537283864
142.754138648764
145.367128586026
148.041196468975
150.785129647385
153.609118441541
156.516809733171
159.530394462134
162.649377736757
165.902494047893
169.305827790112
172.891542151723
176.691952374128
178.70009272251
180.777549578055
185.239154004764
187.646555765491
190.209461867138
191.552661988621
192.965588514408
194.440907660162
196.006029880166
197.638565637294
199.391783441581
201.270698958443
203.33171693914
204.956137519365
206.694050183736
207.90948564443
209.152495969621
211.695413614408
214.457585511996
216.198225599706
217.311475903152
218.838981402347
220.374399883295
221.360724489918
222.05731253974
222.426716716174
228.496487341107
230.097263322635
233.045005794421
235.852513829546
237.974095708351
240.782808965781
246.043092051634
249.53976541635
250.668533961788
253.859848121787
257.20418776055
258.556055839409
260.281704713158
261.945030670241
263.527088135688
265.050629542014
266.522184846848
267.947184775297
269.318243409631
270.640206638477
271.91720736001
273.152803956061
274.339218063767
275.49045583511
276.608847084313
277.675921260105
279.202754369543
280.654965403938
282.430749940448
284.078831803951
285.558235835456
286.955793965381
288.285180491699
289.585011652049
291.247187063641
292.9301323413
293.979128236135
295.395131647848
296.480211093853
297.208375714311
298.686611277611
300.17807669265
301.702556409425
303.232906643429
304.396644396084
305.566610726916
307.140927402576
308.730802742558
310.329579790257
311.945526425755
313.56494937558
315.1962641556
316.840572737521
318.484713782613
320.144358174301
321.806553152553
323.479876176455
325.158701705468
328.532063853042
331.932730391273
335.353382616438
338.801911173741
340.536201387857
342.272547041768
344.020599098878
345.78284917445
347.554225156435
349.345265634968
351.151200794509
352.991704734871
354.854663669456
356.761547493654
360.68783372051
364.857257620054
369.353405604698
374.330210128896
380.115277730656
405
405
423.720329004358
431.650451244019
437.862377831605
443.211478745257
448.028423845439
452.483042071822
456.676790836707
460.676513797902
464.529489689285
468.271075587764
471.928990349748
475.525892065398
479.081036071439
482.611410589371
486.132564661405
489.65924919768
493.20597289729
496.787505401554
500.419404966796
504.11864322602
507.904296093529
511.798542431619
515.828006408291
520.025799436717
524.434613090371
529.111973086892
534.139559705757
539.641605118515
545.825953771203
549.285781134834
553.096547845134
557.404509178912
562.494940065983
569.104628765193
585
599.569697762359
605.624243037639
610.2841553859
614.225038920779
617.704481701191
620.861234238755
623.77473750585
626.496783783073
631.506488333635
636.073400491364
640.301064303466
644.274675674783
648.045874584464
651.652670740956
655.115951027126
658.475446203989
661.725871828496
664.906741557666
668.015963259851
669.546598148567
671.065566747588
672.574125678001
674.073478124927
675.564782604226
677.049160972325
678.520540648213
679.99434247732
681.457301106651
682.917611436006
684.376300351667
685.834397683707
687.292942685184
688.745862723718
690.208475188322
691.667606237029
693.131511434548
694.586921006799
696.049353900191
697.512761307441
698.970966168127
700.432429207567
701.890931588166
703.34758004158
704.795889807651
706.244489767627
707.686781504267
709.123720900557
710.556281035217
711.977324502387
713.395757428038
714.101193462507
714.804216178164
715.504904828736
717.232830865061
718.958287643258
719.637440955137
