0.270013500675077
1.65608280414017
3.00615030751533
4.30221511075547
5.56227811390568
6.76833841692087
7.93839691984601
9.07245362268111
10.1705085254263
11.2145607280364
12.2226111305565
13.2126606330316
14.1667083354168
15.0847542377119
15.966798339917
16.8308415420771
17.6768838441922
18.4689234461723
19.2609630481525
20.0170008500425
20.7550377518876
21.4750737536876
22.1771088554428
22.8611430571528
23.527176358818
24.193209660483
24.8232411620581
25.4352717635882
26.0473023651182
26.6233311665583
27.1993599679984
27.7753887694385
28.3334166708336
28.8734436721836
29.4134706735337
29.9354967748387
30.4575228761438
30.9795489774489
31.4655732786639
31.969598479924
32.455622781139
32.9416470823542
33.4276713835692
33.8956947847392
34.3637181859093
34.8317415870794
35.2997649882494
35.7497874893745
36.2178108905446
36.4338216910846
36.6678333916695
37.8558927946397
39.0259512975649
40.1960098004901
41.3660683034152
42.5181259062954
43.6701835091754
44.8222411120556
45.9562978148907
47.1083554177709
48.2424121206061
49.3584679233961
50.4925246262313
51.6265813290664
52.7426371318566
53.8766938346918
54.9927496374819
56.108805440272
57.2428621431072
58.3589179458972
59.4929746487323
60.6090304515226
61.7430871543577
62.8771438571929
63.993199659983
65.1452572628632
66.2793139656983
67.4133706685334
68.5654282714136
69.7354867743387
70.8875443772189
72.057602880144
73.2276613830692
74.4157207860393
75.6217810890545
76.8278413920696
78.0339016950848
79.2759637981899
80.518025901295
81.7600880044001
83.0381519075954
84.3342167108356
85.6482824141207
86.9803490174509
88.330416520826
89.6984849242463
91.1205560278014
92.5606280314016
94.0187009350468
95.530776538827
97.0968548427421
98.6989349467474
100.355017750888
102.083104155208
103.883194159708
105.773288664433
107.771388569428
109.895494774739
112.199609980499
114.719735986799
117.545877293865
120.87604380219
125.124256212811
128.058402920146
133.170658532927
134.988749437472
134.988749437472
135.924796239812
135.924796239812
135.924796239812
135.924796239812
135.924796239812
135.924796239812
138.354917745887
140.803040152008
142.387119355968
143.701185059253
144.835241762088
145.861293064653
146.797339866993
147.661383069153
148.471423571179
149.263463173159
150.001500075004
150.757537876894
151.459572978649
152.161608080404
152.827641382069
153.511675583779
154.177708885444
154.825741287064
155.437771888594
156.10380519026
156.733836691835
157.381869093455
158.01190059503
158.641932096605
159.253962698135
159.901995099755
160.514025701285
161.162058102905
161.79208960448
162.422121106055
163.070153507675
163.718185909295
164.366218310916
165.014250712536
165.680284014201
166.328316415821
166.976348817441
167.642382119106
168.308415420771
168.974448722436
169.622481124056
170.288514425721
170.954547727386
171.620581029051
172.268613430672
172.934646732337
173.582679133957
174.230711535577
174.878743937197
175.526776338817
176.156807840392
176.786839341967
177.416870843542
177.740887044352
178.046902345117
178.370918545927
178.676933846692
179.288964448222
179.900995049753
180.513025651283
181.125056252813
182.007100355018
182.889144457223
183.771188559428
184.617230861543
185.463273163658
186.309315465773
187.137356867843
187.965398269913
188.775438771939
189.585479273964
190.395519775989
191.187559377969
191.979598979949
192.753637681884
193.545677283864
194.301715085754
195.075753787689
195.831791589579
196.605830291515
197.361868093405
198.09990499525
198.85594279714
199.593979698985
200.33201660083
201.070053502675
201.80809040452
202.52812640632
203.266163308165
203.986199309966
204.706235311766
205.426271313566
206.146307315366
206.866343317166
207.586379318966
208.306415320766
209.008450422521
209.728486424321
210.430521526076
211.150557527876
211.852592629632
212.572628631432
213.274663733187
213.976698834942
214.696734836742
215.398769938497
216.100805040252
216.820841042052
217.522876143807
218.224911245562
218.944947247362
219.646982349117
220.367018350918
221.069053452673
221.789089454473
222.491124556228
223.211160558028
223.931196559828
224.651232561628
225.371268563428
226.091304565228
226.811340567028
227.531376568828
228.251412570629
228.989449472474
229.709485474274
230.447522376119
231.185559277964
231.923596179809
232.679633981699
233.417670883544
234.173708685434
234.911745587279
235.685784289214
236.441822091105
237.197859892995
237.97189859493
238.745937296865
239.5199759988
240.31201560078
241.10405520276
241.89609480474
242.68813440672
243.498174908745
244.308215410771
245.118255912796
245.946297314866
246.774338716936
247.620381019051
248.466423321166
249.330466523326
250.194509725486
251.058552927646
251.940597029851
252.840642032102
253.740687034352
254.658732936647
255.576778838942
256.512825641282
257.466873343667
258.420921046052
259.410970548527
260.401020051003
261.409070453523
262.435121756088
263.479173958698
264.541227061353
265.639281964098
266.737336866843
267.871393569679
269.041452072604
270.211510575529
271.435571778589
272.695634781739
273.973698684934
275.305765288264
276.673833691685
278.113905695285
279.589979498975
281.138056902845
282.758137906895
284.468223411171
286.286314315716
288.230411520576
290.336516825841
292.640632031602
295.250762538127
298.274913745687
325.294264713236
330.100505025251
333.808690434522
336.958847942397
339.730986549328
342.233111655583
344.537226861343
346.679333966698
348.695434771739
350.585529276464
352.385619280964
354.113705685284
355.75178758938
357.317865893295
358.829941497075
360.270013500675
361.65608280414
363.006150307515
364.302215110755
365.562278113906
366.768338416921
367.938396919846
369.072453622681
370.170508525426
371.214560728036
372.222611130557
373.212660633032
374.166708335417
375.084754237712
375.966798339917
376.830841542077
377.676883844192
378.468923446172
379.260963048152
380.017000850042
380.755037751888
381.475073753688
382.177108855443
382.861143057153
383.527176358818
384.193209660483
384.823241162058
385.435271763588
386.047302365118
386.623331166558
387.199359967998
387.775388769438
388.333416670834
388.873443672184
389.413470673534
389.935496774839
390.457522876144
390.979548977449
391.465573278664
391.969598479924
392.455622781139
392.941647082354
393.427671383569
393.895694784739
394.363718185909
394.831741587079
395.29976498825
395.749787489375
396.217810890545
396.433821691085
396.66783339167
397.85589279464
399.025951297565
400.19600980049
401.366068303415
402.518125906295
403.670183509175
404.822241112056
405.956297814891
407.108355417771
408.242412120606
409.358467923396
410.492524626231
411.626581329067
412.742637131857
413.876693834692
414.992749637482
416.108805440272
417.242862143107
418.358917945897
419.492974648732
420.609030451523
421.743087154358
422.877143857193
423.993199659983
425.145257262863
426.279313965698
427.413370668533
428.565428271414
429.735486774339
430.887544377219
432.057602880144
433.227661383069
434.415720786039
435.621781089054
436.82784139207
438.033901695085
439.27596379819
440.518025901295
441.7600880044
443.038151907595
444.334216710836
445.648282414121
446.980349017451
448.330416520826
449.698484924246
451.120556027801
452.560628031402
454.018700935047
455.530776538827
457.096854842742
458.698934946747
460.355017750888
462.083104155208
463.883194159708
465.773288664433
467.771388569428
469.895494774739
472.199609980499
474.719735986799
477.545877293865
480.87604380219
485.124256212811
488.058402920146
493.170658532927
494.988749437472
494.988749437472
495.924796239812
495.924796239812
495.924796239812
495.924796239812
495.924796239812
495.924796239812
498.354917745887
500.803040152008
502.387119355968
503.701185059253
504.835241762088
505.861293064653
506.797339866993
507.661383069154
508.471423571179
509.263463173159
510.001500075004
510.757537876894
511.459572978649
512.161608080404
512.827641382069
513.511675583779
514.177708885444
514.825741287064
515.437771888594
516.103805190259
516.733836691835
517.381869093455
518.01190059503
518.641932096605
519.253962698135
519.901995099755
520.514025701285
521.162058102905
521.79208960448
522.422121106055
523.070153507675
523.718185909295
524.366218310915
525.014250712536
525.680284014201
526.328316415821
526.976348817441
527.642382119106
528.308415420771
528.974448722436
529.622481124056
530.288514425721
530.954547727386
531.620581029051
532.268613430672
532.934646732337
533.582679133957
534.230711535577
534.878743937197
535.526776338817
536.156807840392
536.786839341967
537.416870843542
537.740887044352
538.046902345117
538.370918545927
538.676933846692
539.288964448222
539.900995049753
540.513025651283
541.125056252813
542.007100355018
542.889144457223
543.771188559428
544.617230861543
545.463273163658
546.309315465773
547.137356867843
547.965398269914
548.775438771939
549.585479273964
550.395519775989
551.187559377969
551.979598979949
552.753637681884
553.545677283864
554.301715085754
555.075753787689
555.83179158958
556.605830291515
557.361868093405
558.09990499525
558.85594279714
559.593979698985
560.33201660083
561.070053502675
561.80809040452
562.52812640632
563.266163308165
563.986199309966
564.706235311766
565.426271313566
566.146307315366
566.866343317166
567.586379318966
568.306415320766
569.008450422521
569.728486424321
570.430521526076
571.150557527876
571.852592629632
572.572628631432
573.274663733187
573.976698834942
574.696734836742
575.398769938497
576.100805040252
576.820841042052
577.522876143807
578.224911245562
578.944947247362
579.646982349117
580.367018350918
581.069053452673
581.789089454473
582.491124556228
583.211160558028
583.931196559828
584.651232561628
585.371268563428
586.091304565228
586.811340567028
587.531376568828
588.251412570629
588.989449472474
589.709485474274
590.447522376119
591.185559277964
591.923596179809
592.679633981699
593.417670883544
594.173708685434
594.911745587279
595.685784289215
596.441822091105
597.197859892995
597.97189859493
598.745937296865
599.5199759988
600.31201560078
601.10405520276
601.89609480474
602.68813440672
603.498174908745
604.308215410771
605.118255912796
605.946297314866
606.774338716936
607.620381019051
608.466423321166
609.330466523326
610.194509725486
611.058552927646
611.940597029851
612.840642032102
613.740687034352
614.658732936647
615.576778838942
616.512825641282
617.466873343667
618.420921046052
619.410970548527
620.401020051002
621.409070453523
622.435121756088
623.479173958698
624.541227061353
625.639281964098
626.737336866843
627.871393569679
629.041452072604
630.211510575529
631.435571778589
632.695634781739
633.973698684934
635.305765288264
636.673833691685
638.113905695285
639.589979498975
641.138056902845
642.758137906895
644.468223411171
646.286314315716
648.230411520576
650.336516825841
652.640632031601
655.250762538127
658.274913745687
685.294264713236
690.100505025251
693.808690434522
696.958847942397
699.730986549328
702.233111655583
704.537226861343
706.679333966698
708.695434771739
710.585529276464
712.385619280964
714.113705685284
715.75178758938
717.317865893295
718.829941497075
